2147483647 25 260 2 79 5 193 68 247 12 119 7 57 50 249 21 151 17 132 2 223 1 223 3 2 2 180 2 33 3 218 44 190 12 134 40 2 7 114 9 228 1 53 50 44 28 98 3 72 35 185 10 32
-2147483648 25 217 76 219 1 215 2 1 6 238 2 229 1 123 4 210 6 120 2 153 54 25 15 31 3 86 3 161 7 33 3 60 1 187 2 66 1 130 51 41 3 59 3 40 15 46 24 189 1 227 77 46
-2147483647 25 323 1 180 54 125 34 37 82 83 75 46 1 229 2 239 1 4 1 74 7 197 4 171 12 30 75 219 1 63 10 50 14 166 11 33 46 147 2 67 5 84 4 113 2 51 76 153 18 47 1 101
-2147483646 25 282 52 138 21 80 47 131 14 39 18 233 37 206 17 168 4 61 1 111 11 197 1 162 6 120 2 142 31 175 12 144 2 243 4 79 2 223 30 184 49 158 16 141 5 5 7 15 10 53 72 199
-2147483645 25 274 1 240 2 121 5 236 6 220 7 106 6 12 74 215 1 94 93 85 7 158 22 56 15 141 2 247 2 197 2 46 64 50 3 236 5 76 9 193 51 20 6 14 8 216 2 215 63 17 2 133
-2147483644 25 230 56 198 19 230 11 49 1 11 6 88 37 44 10 171 50 114 3 125 2 19 5 168 1 118 22 131 3 140 1 191 18 68 26 51 14 43 22 121 2 77 49 200 2 183 3 195 12 122 9 115
-2147483643 25 306 7 132 3 238 47 129 18 8 5 67 94 206 53 49 7 8 64 183 3 200 11 231 1 57 18 126 1 167 4 157 18 246 5 235 6 126 5 154 1 128 26 38 1 248 38 164 68 3 7 75
-2147483642 25 158 1 98 7 111 1 74 2 81 1 220 4 9 1 22 1 180 5 249 1 215 2 149 1 21 28 115 3 162 32 25 49 153 69 1 1 149 8 234 1 110 2 8 3 224 4 29 3 128 34 85
-2147483641 25 286 1 94 6 143 9 101 63 182 7 132 7 231 6 90 1 74 64 14 3 100 2 103 1 64 2 213 1 26 53 196 66 88 2 178 1 52 54 178 2 16 30 67 4 177 88 196 1 226 4 225
-2147483640 25 244 39 63 1 204 31 18 1 130 78 123 29 216 3 185 1 15 10 129 15 144 4 140 1 27 4 97 24 20 8 173 59 73 23 181 1 179 1 63 1 101 22 171 1 244 29 78 21 97 1 206
-2147483639 25 399 9 154 1 45 44 201 12 206 24 44 1 101 2 130 57 50 11 72 43 160 3 46 1 51 17 142 51 224 78 160 32 51 39 239 3 26 20 51 89 17 2 4 65 47 10 168 5 35 46 142
-2147483638 25 367 24 203 1 195 19 11 6 188 9 63 36 6 38 79 48 150 1 7 86 232 57 170 52 143 1 215 21 128 87 6 12 240 29 155 9 162 3 45 6 215 8 82 17 2 17 147 5 27 20 116
-2147483637 25 312 56 145 57 110 83 177 21 199 14 40 1 46 7 58 11 116 9 141 3 68 1 68 7 239 1 230 5 166 36 105 4 211 14 59 50 27 38 168 4 2 1 193 6 13 10 241 1 28 80 109
-2147483636 25 408 1 175 49 177 30 87 6 44 18 145 42 166 1 114 1 184 14 156 1 129 1 191 57 223 10 107 1 60 95 69 14 240 35 107 4 64 74 39 1 25 94 118 17 146 40 20 24 247 50 138
-2147483635 25 406 13 187 1 50 53 151 96 145 47 206 91 134 2 136 4 172 88 70 8 157 31 187 21 216 29 152 3 181 4 192 1 225 2 4 2 72 20 60 23 207 3 73 5 18 4 194 99 29 27 239
-2147483634 25 201 2 238 18 11 3 127 1 132 5 161 2 115 2 149 6 127 14 32 95 226 1 45 17 6 2 66 2 149 74 143 4 61 9 77 7 197 8 13 10 98 3 232 9 106 6 18 33 179 3 171
-2147483633 25 355 51 20 37 122 15 172 57 218 16 51 65 73 8 89 56 71 3 213 73 120 2 114 8 149 5 158 84 28 57 159 11 135 11 106 1 104 13 105 5 42 1 97 2 107 4 6 2 63 5 221
-2147483632 25 229 8 227 3 52 1 178 1 155 6 27 1 81 22 195 2 198 53 55 22 246 45 41 1 126 4 2 38 18 45 89 5 13 31 170 12 132 52 145 7 12 15 159 2 177 1 206 5 122 1 127
-2147483631 25 363 6 209 9 115 1 60 3 115 68 158 9 145 1 217 24 37 3 30 3 131 5 62 5 195 19 213 70 185 24 88 18 57 37 128 11 86 7 123 50 247 39 122 71 113 78 10 4 152 41 91
-2147483630 25 191 6 24 7 46 3 246 12 179 5 74 19 234 27 192 1 226 10 93 9 201 1 43 6 173 2 210 1 38 6 132 1 45 14 75 26 213 15 47 1 2 6 92 95 163 6 187 38 43 2 225
-2147483629 25 424 1 196 58 86 12 176 92 228 86 246 1 62 1 139 2 194 2 4 12 170 62 15 32 86 1 60 13 192 1 15 2 132 46 35 96 45 31 154 5 66 51 221 33 63 2 205 45 25 21 160
-2147483628 25 351 30 236 2 11 89 40 12 191 72 10 2 98 18 89 7 144 8 62 36 164 79 198 77 235 7 195 3 225 3 9 33 181 50 230 4 47 17 47 5 95 1 67 21 186 1 200 2 222 7 14
-2147483627 25 228 3 135 43 81 1 172 33 132 50 195 3 138 66 242 2 15 1 52 16 112 13 112 18 22 1 200 1 94 6 23 22 58 3 185 9 69 17 158 27 59 23 222 1 194 5 237 7 26 10 163
-2147483626 25 309 2 85 13 149 34 219 1 99 90 118 23 230 20 221 1 182 10 80 1 211 1 110 1 103 1 192 3 226 1 204 72 2 69 49 11 123 1 50 18 162 40 101 11 112 24 180 3 215 65 173
-2147483625 25 271 4 153 2 176 11 158 1 6 2 229 22 168 1 236 6 106 36 206 28 245 1 116 5 74 23 64 66 103 2 223 4 63 86 67 4 69 27 215 7 154 25 176 49 134 2 105 37 192 1 243
-2147483624 25 300 13 190 63 85 4 36 29 17 33 113 18 32 1 117 1 51 2 31 1 14 87 48 9 17 1 16 46 196 71 200 5 66 8 101 3 149 1 201 2 190 32 140 2 73 7 46 28 87 33 97
-2147483623 25 368 28 96 76 88 53 230 9 32 11 9 42 31 20 149 1 196 17 117 21 208 3 136 22 229 4 151 71 90 2 62 24 131 49 223 77 100 34 205 1 149 8 92 16 55 10 134 6 16 9 247
-2147483622 25 184 12 31 1 212 8 164 1 81 84 197 2 109 2 229 21 40 2 68 2 78 10 174 10 250 4 62 13 122 7 143 23 25 10 125 1 38 59 76 9 139 5 223 3 152 6 115 5 42 7 41
-2147483621 25 141 7 166 1 76 1 225 7 140 30 113 3 36 1 102 11 140 2 10 1 207 35 221 11 176 17 230 2 31 7 40 3 223 1 44 53 21 6 38 2 109 3 127 9 115 1 148 6 28 15 220
-2147483620 25 262 2 201 1 222 9 3 1 149 56 166 68 94 2 1 7 48 1 169 4 170 1 10 1 179 60 150 4 52 25 34 29 105 1 98 19 66 9 231 74 87 38 109 1 205 3 7 8 178 13 164
-2147483619 25 262 100 77 8 4 1 34 1 52 4 115 28 55 3 142 1 142 1 20 2 83 1 193 63 135 6 142 13 149 50 45 90 80 16 19 2 243 1 117 2 2 10 148 2 142 29 230 3 190 1 20
-2147483618 25 312 40 242 5 39 9 143 3 13 37 56 4 216 77 19 5 143 5 3 5 53 1 135 1 15 24 5 1 87 48 111 71 121 53 232 13 53 29 214 6 29 28 32 31 238 6 102 13 166 6 197
-2147483617 25 298 9 125 27 247 60 110 1 160 36 198 68 136 92 6 11 56 12 177 10 117 6 5 6 238 1 14 4 90 5 23 35 54 7 110 8 50 33 122 1 21 6 233 17 6 9 204 27 197 6 105
-2147483616 25 283 7 120 16 207 4 187 2 34 63 106 2 68 97 2 1 122 2 196 13 205 14 23 8 119 3 248 2 22 5 148 2 225 2 154 47 123 73 58 25 170 30 147 4 36 1 48 44 6 6 109
-2147483615 25 196 2 220 10 54 36 148 7 39 68 5 9 19 3 23 1 232 3 217 2 175 42 75 1 113 2 53 1 154 59 108 3 16 3 109 1 120 5 47 4 15 1 100 14 124 47 185 2 54 2 194
-2147483614 25 205 47 185 7 42 24 241 37 203 1 185 2 32 2 201 6 25 52 168 27 81 1 121 7 181 12 152 2 202 3 166 22 222 1 220 3 198 2 181 3 68 7 135 1 195 20 56 9 84 44 54
-2147483613 25 276 2 61 30 169 29 182 55 115 2 136 8 78 52 155 3 121 5 143 7 74 1 27 5 79 6 21 2 234 31 200 1 31 4 55 45 114 44 38 49 150 25 187 2 17 29 213 6 3 17 142
-2147483612 25 217 2 202 1 177 1 129 46 166 1 91 6 14 2 235 28 76 1 46 1 222 2 187 6 83 5 199 1 220 93 200 3 111 2 229 1 96 5 187 15 185 1 107 1 42 85 160 3 80 51 174
-2147483611 25 352 1 218 1 201 4 87 76 43 65 242 11 241 23 3 24 244 1 238 1 106 18 55 38 110 3 202 15 134 83 142 17 106 22 197 78 208 10 12 38 132 19 181 1 202 29 86 1 218 8 143
-2147483610 25 234 15 19 9 105 90 38 78 242 28 91 1 135 41 42 5 100 1 14 2 189 16 142 1 148 7 232 1 140 2 8 28 110 1 99 1 101 13 117 14 25 25 146 1 62 2 36 3 164 6 90
-2147483609 25 339 93 11 39 66 1 168 2 55 1 115 9 247 15 156 1 235 50 47 2 26 4 181 27 208 1 141 10 135 10 103 2 196 75 140 80 42 11 136 45 45 10 112 2 197 5 62 27 246 43 215
-2147483608 25 472 1 34 19 206 4 29 1 42 76 137 1 48 99 210 12 133 100 237 6 185 2 100 67 196 10 142 96 240 1 47 50 186 1 92 6 185 1 125 74 244 10 86 80 168 54 161 8 115 8 36
-2147483607 25 307 5 236 23 194 25 7 9 113 9 159 10 142 25 97 1 116 30 176 1 15 1 159 77 143 1 219 40 57 57 198 7 27 2 117 7 85 46 198 2 10 61 61 35 231 35 214 3 206 1 84
-2147483606 25 234 27 73 6 246 6 79 2 122 5 111 50 106 1 136 3 247 1 169 74 167 1 21 24 232 71 236 12 29 15 16 2 20 3 133 2 94 3 106 41 204 33 206 5 23 1 131 1 141 1 189
-2147483605 25 85 2 74 10 104 2 215 45 180 1 182 1 246 1 237 12 243 2 206 1 124 9 103 1 225 3 19 12 139 5 110 2 193 4 190 5 68 4 58 4 103 1 198 1 182 12 82 1 147 1 81
-2147483604 25 330 1 102 37 151 1 188 2 115 56 183 11 128 69 52 2 247 95 205 1 244 32 65 45 102 18 75 88 9 14 113 3 122 1 123 1 108 49 177 1 167 1 189 1 212 12 234 6 181 4 158
-2147483603 25 292 80 232 36 155 27 122 3 138 24 137 9 216 1 2 3 27 8 45 4 173 10 68 76 130 9 122 1 174 6 235 8 49 4 94 1 208 22 133 4 127 79 243 41 214 27 92 4 205 1 227
-2147483602 25 163 68 150 7 51 1 247 3 231 4 222 17 223 1 209 18 182 7 57 8 221 1 139 45 44 1 181 1 180 2 248 1 38 1 192 14 248 9 237 14 139 10 2 33 102 2 139 1 202 3 143
-2147483601 25 265 1 12 1 211 60 69 1 117 2 195 52 82 15 141 1 50 62 163 6 147 31 3 2 14 4 81 3 34 26 9 98 227 5 82 25 137 1 16 24 6 2 70 2 233 15 173 1 171 2 111
-2147483600 25 205 78 194 2 161 23 86 1 80 7 40 11 100 3 89 4 59 16 40 45 247 5 31 6 147 1 105 4 225 3 109 4 165 25 214 1 119 4 1 20 135 25 93 1 6 4 200 33 114 17 52
