2147483647 25 1207 58 33 100 131 99 63 81 22 13 188 83 88 58 139 68 60 92 142 99 15 100 87 82 231 8 234 83 19 96 44 100 130 84 20 93 97 81 92 100 126 59 53 94 156 100 67 97 73 85 19
-2147483648 25 1244 80 130 95 78 65 111 100 39 91 92 98 103 73 111 100 7 95 148 100 188 17 120 97 84 99 60 34 146 88 29 85 103 98 46 69 125 98 61 75 250 100 173 61 84 79 115 97 95 80 92
-2147483647 25 1127 97 139 63 152 98 230 12 242 56 203 35 135 99 23 17 126 78 187 100 152 28 220 58 17 97 96 100 96 89 210 49 138 98 93 100 202 100 81 72 106 73 194 100 30 96 120 100 184 64 45
-2147483646 25 1218 90 11 100 104 28 61 67 12 100 66 96 244 31 216 98 191 87 46 100 44 92 116 97 30 100 130 100 20 98 26 12 193 96 29 99 89 93 162 71 242 73 180 58 199 90 62 78 52 76 127
-2147483645 25 1266 95 162 95 201 38 76 87 88 97 213 34 108 98 74 87 170 29 162 90 237 98 14 98 162 100 99 98 92 95 102 58 136 100 110 98 12 46 23 97 38 100 182 98 47 77 92 97 63 100 26
-2147483644 25 1263 84 196 95 13 36 47 99 216 47 111 100 3 98 19 87 196 100 96 90 145 22 217 81 158 92 59 52 33 100 174 96 149 100 144 99 141 73 18 97 168 100 227 79 219 100 49 83 134 95 188
-2147483643 25 1185 99 184 97 13 82 27 29 181 98 248 100 207 97 68 82 8 80 194 42 245 97 65 97 136 47 47 81 67 100 120 93 167 1 33 100 153 42 149 49 103 95 46 91 181 94 154 83 30 99 107
-2147483642 25 1227 99 213 84 6 100 230 100 237 83 76 100 167 75 205 86 206 97 207 8 21 94 16 88 197 58 124 49 31 69 75 87 161 100 188 80 169 92 36 58 43 99 99 50 112 91 106 100 214 99 19
-2147483641 25 1243 100 149 97 80 30 236 18 99 98 176 94 196 76 148 99 65 100 133 98 114 85 36 99 10 98 14 91 23 98 176 20 2 51 231 46 67 99 128 97 56 95 11 92 33 98 214 96 98 97 198
-2147483640 25 1315 100 2 99 237 100 9 69 210 100 207 99 89 96 7 100 248 100 122 98 74 99 84 95 16 87 244 98 3 96 15 100 46 100 60 62 138 99 8 38 222 60 173 23 74 99 66 95 250 81 91
-2147483639 25 1257 98 175 100 155 89 34 54 248 87 18 100 146 94 174 100 97 100 214 77 14 12 37 87 155 54 84 81 228 80 18 100 156 100 62 100 113 36 137 95 98 94 220 100 223 97 119 100 82 61 242
-2147483638 25 1284 100 162 81 11 99 20 100 57 89 81 65 194 97 190 72 245 98 248 90 160 89 48 97 70 100 58 97 65 75 104 97 98 75 247 42 90 98 182 77 201 79 153 100 111 27 53 100 240 97 128
-2147483637 25 1201 88 215 87 181 99 223 74 27 82 80 25 178 100 23 77 35 82 166 86 94 14 118 100 87 93 183 99 39 99 231 99 241 86 101 74 84 41 59 90 6 67 2 72 24 98 15 98 49 72 194
-2147483636 25 1201 82 89 99 238 71 27 100 5 33 113 57 190 100 210 99 48 99 162 81 241 100 54 63 144 99 41 93 171 30 112 63 173 99 167 76 238 69 113 77 80 100 196 99 17 100 80 98 130 15 134
-2147483635 25 1301 100 81 63 9 100 83 99 178 91 138 49 95 85 116 97 149 89 130 97 94 84 160 100 219 68 64 99 210 98 57 87 226 100 244 98 147 23 63 100 159 81 37 99 126 97 237 89 247 76 242
-2147483634 25 1187 100 133 98 121 92 74 99 246 100 117 97 68 98 176 94 109 70 37 98 182 69 186 100 194 73 96 66 91 100 73 100 112 96 49 67 31 22 108 91 168 33 169 61 114 100 79 40 179 15 101
-2147483633 25 1166 93 161 97 185 20 217 90 210 84 185 84 157 94 136 86 190 84 248 98 189 100 20 21 177 45 24 92 105 99 105 77 159 83 30 18 73 98 139 99 162 98 159 92 138 96 154 11 28 85 1
-2147483632 25 1233 99 198 19 177 53 190 62 230 90 152 37 223 84 187 90 39 100 172 100 112 100 4 96 88 100 244 20 221 96 109 98 66 97 124 100 100 38 27 96 52 91 200 100 29 93 240 97 198 99 111
-2147483631 25 1335 100 112 97 116 98 172 21 47 98 77 24 2 99 188 100 138 90 194 99 97 79 186 85 83 100 196 98 73 96 245 100 102 96 250 83 20 99 20 97 234 93 81 99 193 90 137 100 143 85 87
-2147483630 25 1263 85 224 38 171 99 199 100 211 97 216 99 67 59 42 96 221 18 218 95 110 99 5 79 182 46 63 100 194 91 191 97 201 84 232 83 82 96 142 64 95 89 70 100 43 100 206 99 125 92 171
-2147483629 25 1264 99 155 85 224 100 129 52 121 100 76 92 20 98 195 99 162 96 135 64 37 95 35 100 91 97 162 28 160 33 127 97 43 75 69 98 247 47 64 99 44 78 232 85 242 98 187 99 246 93 75
-2147483628 25 1251 100 74 71 211 94 73 93 80 100 34 100 210 86 110 100 104 73 173 98 186 19 49 99 51 98 228 14 218 49 141 53 155 82 30 82 51 92 13 99 27 94 64 100 48 94 218 96 178 99 12
-2147483627 25 1302 49 15 100 168 99 6 98 190 64 83 97 198 97 194 95 168 94 205 85 221 93 67 83 247 91 65 100 52 68 146 68 240 97 189 78 248 61 224 94 141 93 230 89 198 95 155 84 19 99 229
-2147483626 25 1240 100 146 74 102 93 115 97 47 68 249 97 117 81 92 100 113 99 233 100 33 88 240 86 134 63 134 59 214 98 72 100 179 98 118 99 79 93 150 82 162 99 34 41 209 72 52 31 211 49 16
-2147483625 25 1250 97 74 94 114 93 44 99 208 100 212 94 110 86 55 72 150 94 54 97 126 98 242 30 150 99 51 98 107 99 211 100 22 4 153 99 163 82 58 98 89 18 49 100 200 98 75 72 109 63 21
-2147483624 25 1330 93 198 57 200 69 23 97 243 70 89 94 21 100 244 77 181 100 186 90 21 100 217 70 247 96 119 95 104 98 167 83 113 77 173 92 106 96 209 84 37 88 122 98 89 94 107 99 149 100 193
-2147483623 25 1150 99 125 68 204 100 161 100 124 99 197 50 215 60 204 65 1 32 174 16 189 78 12 85 189 52 249 91 64 66 236 100 123 100 192 100 17 92 153 86 53 13 44 78 92 99 188 91 84 98 77
-2147483622 25 1371 100 72 83 10 98 111 98 123 100 7 100 205 100 229 100 144 97 3 94 239 73 199 88 47 65 91 100 239 57 116 100 95 100 92 100 198 79 240 97 161 97 93 83 123 99 230 99 76 79 128
-2147483621 25 1285 77 2 98 105 12 224 95 10 65 200 97 161 100 32 99 87 100 221 99 147 96 151 100 35 76 96 95 16 100 140 98 89 66 203 99 131 86 175 92 152 87 88 6 207 100 174 100 166 100 174
-2147483620 25 1195 91 72 8 164 99 25 88 157 100 47 94 10 98 185 99 143 36 111 73 59 94 208 98 208 99 25 28 50 48 48 93 8 92 41 88 39 97 124 35 138 94 222 98 246 89 25 82 215 71 219
-2147483619 25 1242 48 149 71 213 96 229 71 188 100 188 99 83 41 188 100 27 100 239 82 8 100 98 99 161 100 54 99 50 100 90 75 60 46 208 63 146 100 168 98 248 48 164 42 142 93 206 100 70 100 133
-2147483618 25 1202 87 186 100 233 73 2 100 72 99 51 93 115 72 114 100 152 36 211 72 230 58 177 36 23 93 110 85 152 42 44 78 123 99 126 98 113 53 143 98 130 81 209 88 153 87 172 94 213 82 101
-2147483617 25 1116 100 172 96 125 100 172 79 220 84 195 99 243 85 195 43 220 100 120 88 236 86 190 94 73 94 200 88 186 96 178 1 57 98 89 15 159 58 128 84 234 2 89 100 43 70 60 95 215 5 193
-2147483616 25 1276 93 208 96 102 83 160 100 246 99 199 88 17 98 158 98 152 50 107 43 175 72 244 99 116 97 61 99 175 84 69 99 3 91 207 88 20 27 207 48 193 100 127 96 52 97 150 100 154 83 192
-2147483615 25 1258 99 25 99 225 77 66 93 44 88 86 100 179 82 46 22 249 83 25 100 170 85 209 99 69 99 57 99 128 99 154 96 233 84 214 52 17 13 205 36 78 100 180 100 98 99 196 100 238 94 48
-2147483614 25 1321 96 96 100 88 97 207 95 233 100 223 95 166 67 43 84 43 37 222 99 122 99 82 89 126 90 155 87 70 100 114 100 20 97 49 90 92 97 22 80 123 93 193 91 9 98 210 100 153 22 250
-2147483613 25 1151 94 55 54 29 98 38 80 187 81 37 93 145 97 34 99 83 100 126 59 126 96 59 36 249 79 213 100 15 27 50 98 113 96 6 34 32 64 32 80 86 99 129 98 166 75 32 75 96 7 145
-2147483612 25 1128 88 239 98 224 88 13 95 39 79 195 89 130 80 214 98 144 72 140 40 171 99 217 97 115 72 130 100 81 100 236 46 178 73 168 98 222 35 86 88 152 40 102 2 189 48 81 100 198 55 32
-2147483611 25 1226 100 60 94 232 65 179 89 62 56 206 31 157 99 58 100 28 97 11 32 109 24 119 77 173 98 47 90 11 98 94 83 235 95 77 100 169 89 56 98 105 72 97 71 194 92 107 100 241 94 46
-2147483610 25 1134 30 217 97 218 62 77 30 83 99 19 94 149 83 14 9 87 37 130 90 228 99 211 99 201 83 129 98 74 4 45 100 203 68 17 87 47 97 93 82 124 100 178 90 57 66 148 94 239 93 61
-2147483609 25 1317 94 80 88 104 95 222 99 111 87 233 90 157 95 15 99 69 99 240 56 208 98 210 100 219 80 81 99 159 95 41 96 204 99 82 97 38 98 94 98 211 54 14 35 106 100 145 100 201 45 124
-2147483608 25 1229 100 121 100 159 51 145 98 139 54 95 49 199 55 12 96 202 27 213 84 234 95 83 73 155 95 152 70 205 89 183 100 13 92 31 99 67 99 83 93 98 89 116 56 144 99 106 99 38 87 13
-2147483607 25 1299 99 169 79 59 96 114 86 19 88 55 100 83 89 140 91 31 96 46 73 85 72 154 95 37 72 63 74 56 99 250 95 246 29 105 98 79 53 7 98 110 100 112 99 68 96 172 99 249 90 250
-2147483606 25 1137 86 1 90 142 55 144 83 114 96 72 100 193 100 224 84 158 100 222 97 109 31 31 75 77 57 187 98 143 32 36 7 219 62 198 82 248 100 227 55 205 92 68 99 68 100 17 99 53 15 214
-2147483605 25 1132 76 73 90 36 38 153 42 66 89 17 69 90 73 92 97 208 100 231 4 29 29 51 77 171 100 96 99 29 87 234 78 221 93 96 98 35 99 196 71 139 100 54 89 32 34 7 94 199 62 201
-2147483604 25 1246 96 68 78 196 100 39 87 79 99 211 88 149 88 60 93 69 79 61 100 38 71 121 92 75 96 98 100 209 15 119 98 104 58 192 91 232 99 250 87 149 30 240 100 237 100 96 100 239 33 229
-2147483603 25 1130 54 12 96 250 45 102 96 227 66 150 25 123 99 170 99 149 59 64 78 3 57 59 87 58 93 23 62 171 94 19 100 214 77 201 96 247 72 172 20 221 86 150 100 1 89 114 94 73 40 198
-2147483602 25 1339 83 66 93 145 98 129 11 98 84 44 100 228 76 173 85 244 98 118 86 138 92 125 73 119 83 181 100 76 100 212 100 226 100 207 97 83 93 124 100 147 95 232 96 61 100 212 97 143 93 78
-2147483601 25 1168 92 230 38 94 100 85 79 107 63 31 65 198 99 41 73 233 73 245 41 203 75 25 99 111 95 177 99 182 44 128 100 43 85 103 84 147 78 158 100 144 25 167 68 33 73 166 100 198 100 40
-2147483600 25 1282 91 146 98 49 99 120 94 55 99 15 93 204 15 195 97 135 100 32 62 218 15 100 100 162 96 52 99 37 100 250 47 238 57 28 100 21 88 73 91 248 100 186 100 130 97 194 100 149 99 124
