2147483647 25 214 9 198 46 82 2 96 27 211 31 42 53 3 1 93 15 86 1 30 22 121 3 150 11 72 31 173 39 183 9 36 4 226 3 117 1 133 1 11 19 212 17 86 3 197 1 220 1 194 8 39
-2147483648 25 153 1 3 1 64 1 83 4 82 1 139 23 115 4 172 3 88 1 92 13 207 5 134 3 73 1 130 38 150 1 105 5 166 28 136 4 166 35 46 29 46 1 90 1 117 1 180 33 88 18 71
-2147483647 25 360 5 62 52 33 9 37 57 15 71 247 26 227 3 212 3 107 1 236 9 132 42 130 18 94 1 181 1 10 2 81 7 26 80 199 92 136 15 5 1 114 92 245 1 42 2 175 5 41 5 177
-2147483646 25 271 1 2 5 129 6 115 56 205 57 164 1 47 34 216 11 52 4 220 3 242 5 64 1 8 1 142 2 101 2 9 64 158 2 55 47 131 1 84 45 45 70 100 4 234 2 155 4 40 25 6
-2147483645 25 175 5 186 1 195 1 137 1 197 3 82 6 22 26 158 1 52 11 186 1 171 42 57 2 213 2 15 35 8 1 157 12 20 94 153 3 120 7 26 3 87 4 15 1 79 3 230 26 96 1 2
-2147483644 25 314 2 219 5 95 1 73 48 204 38 37 3 182 35 53 1 126 14 20 66 244 31 128 10 206 21 38 14 120 62 115 4 238 4 88 41 46 47 62 1 54 35 171 37 108 1 19 1 70 2 74
-2147483643 25 349 96 149 2 69 33 165 1 206 4 9 32 215 1 45 8 85 24 203 1 14 5 192 66 164 48 133 8 183 1 39 1 132 2 43 8 215 15 7 3 180 3 90 12 245 57 249 66 44 86 37
-2147483642 25 310 5 165 84 26 1 137 43 29 2 229 4 60 6 99 52 162 11 69 51 177 4 98 2 118 18 59 36 69 1 37 43 166 10 138 2 28 1 221 6 217 16 126 14 18 82 188 2 200 22 233
-2147483641 25 298 3 85 4 135 7 110 3 36 1 8 59 21 1 14 11 79 1 24 9 181 71 40 5 239 2 112 1 95 89 105 67 71 1 39 6 137 12 202 2 249 86 169 40 63 12 202 4 114 1 136
-2147483640 25 277 4 187 7 148 9 102 35 33 62 226 41 233 1 192 1 79 1 50 9 176 6 246 6 164 6 187 3 40 6 43 15 197 23 90 5 60 42 180 58 241 15 74 11 126 3 114 13 203 81 193
-2147483639 25 276 1 201 7 210 17 209 4 168 37 229 9 138 21 65 7 27 2 208 97 110 23 153 4 94 5 175 2 61 18 152 4 98 2 72 41 114 27 4 21 165 7 72 7 231 18 140 44 9 36 115
-2147483638 25 225 38 187 43 80 1 110 1 80 1 82 39 123 7 83 1 31 1 96 44 185 1 237 6 65 5 229 1 136 6 123 30 177 1 74 5 154 32 90 4 239 4 199 4 23 85 163 8 70 8 206
-2147483637 25 294 37 246 1 197 22 104 1 59 27 228 1 96 17 119 11 216 9 204 1 221 28 189 1 43 69 1 31 47 3 181 1 102 1 231 3 46 1 223 4 244 24 205 28 103 61 93 13 169 96 213
-2147483636 25 233 4 237 7 100 14 18 44 106 51 98 11 69 5 219 15 126 19 120 17 246 1 2 2 102 7 155 2 116 37 142 1 227 1 58 2 62 14 223 1 129 97 11 30 157 5 179 1 7 1 138
-2147483635 25 367 5 117 32 246 5 124 1 190 51 57 66 200 5 143 18 191 1 115 10 2 10 171 10 60 2 231 2 208 3 249 2 153 1 224 9 102 9 55 65 107 11 173 66 239 77 47 56 39 96 130
-2147483634 25 395 88 41 43 79 14 161 8 128 45 67 95 194 89 192 2 44 16 47 48 110 9 119 3 43 5 184 2 107 49 112 4 64 18 201 2 85 19 214 1 5 12 240 77 128 4 195 3 15 3 95
-2147483633 25 321 3 186 3 80 10 150 19 33 77 85 77 89 75 228 14 240 39 81 3 146 93 225 1 242 2 227 7 163 15 201 2 159 1 51 1 196 57 18 2 24 18 102 2 221 2 200 11 147 1 131
-2147483632 25 256 15 113 23 48 25 94 16 147 13 53 1 235 59 50 13 204 2 96 84 113 6 63 24 160 10 169 1 173 6 216 6 21 4 6 28 183 6 78 32 126 36 87 4 223 1 19 9 12 3 69
-2147483631 25 288 1 210 13 243 12 226 22 196 63 200 5 182 17 171 9 89 96 234 3 106 1 202 10 9 3 156 77 19 5 187 1 181 3 63 4 209 43 222 4 232 1 100 49 105 2 214 30 211 7 51
-2147483630 25 201 5 135 26 109 5 131 1 208 5 220 2 232 1 203 5 235 62 226 1 221 10 148 4 126 11 238 1 6 1 191 100 86 21 238 11 226 2 85 4 147 4 159 3 43 4 113 1 185 45 130
-2147483629 25 244 1 171 1 116 1 31 4 22 8 237 3 22 2 143 6 93 5 114 34 133 8 98 6 94 4 49 75 231 16 239 59 51 14 56 2 223 36 209 9 112 24 67 7 29 24 88 43 104 15 13
-2147483628 25 348 1 69 1 17 13 72 11 212 1 60 6 27 9 164 25 50 1 219 59 24 1 219 1 26 1 16 49 143 6 156 76 15 86 179 60 66 55 5 17 113 53 66 18 182 1 165 6 32 23 214
-2147483627 25 232 1 243 1 94 3 187 24 155 10 196 32 9 62 124 1 248 1 135 1 32 16 210 36 75 2 162 1 205 86 208 1 114 13 242 2 81 1 114 6 99 3 177 77 246 3 182 4 202 1 183
-2147483626 25 253 7 144 13 218 1 191 3 94 2 69 73 8 12 233 12 7 59 28 2 163 1 215 2 62 1 78 49 107 45 125 13 55 1 160 5 37 1 183 56 129 33 22 1 158 4 160 7 31 19 40
-2147483625 25 298 3 171 10 241 35 241 42 184 14 77 2 155 2 193 36 38 1 237 75 203 24 51 9 106 11 136 12 55 14 110 1 131 5 14 13 25 26 101 20 9 28 199 11 172 6 188 3 191 95 160
-2147483624 25 308 81 111 80 249 4 96 44 125 1 142 5 1 1 85 1 19 2 177 11 224 35 30 1 208 2 245 1 220 5 169 3 229 70 134 1 143 1 12 47 61 51 115 4 243 29 247 5 241 29 20
-2147483623 25 289 8 95 1 183 65 229 8 201 14 54 4 28 5 106 7 2 15 182 16 242 3 181 32 240 2 231 62 63 29 185 100 74 3 40 5 206 11 165 2 174 13 181 2 79 3 185 18 49 54 119
-2147483622 25 300 2 137 10 61 18 188 38 107 1 96 33 167 3 112 2 112 5 150 18 167 6 157 9 178 86 38 6 21 4 80 39 47 1 7 62 236 10 97 21 239 9 136 6 232 22 164 24 103 66 121
-2147483621 25 370 2 170 18 29 78 98 5 155 54 175 46 195 13 223 3 29 12 52 22 107 7 125 2 162 9 242 1 4 68 58 1 59 47 129 87 243 12 140 8 10 1 82 3 196 2 147 22 240 94 57
-2147483620 25 294 8 74 98 85 1 143 71 21 34 210 1 187 37 221 20 97 45 206 40 220 1 226 1 34 1 43 1 21 76 84 2 45 12 65 2 222 2 133 10 9 1 30 12 232 2 160 5 110 7 143
-2147483619 25 257 80 72 2 102 2 83 2 60 5 31 16 37 2 47 13 65 12 137 1 59 14 247 22 35 68 148 2 114 13 83 53 143 2 13 6 82 2 178 37 188 48 105 1 85 1 18 10 103 15 180
-2147483618 25 342 20 19 35 180 40 203 9 135 21 231 8 24 4 196 93 52 5 179 8 54 67 154 90 147 3 16 4 198 3 156 19 115 34 175 4 6 3 8 5 180 1 75 37 92 2 214 5 168 50 74
-2147483617 25 486 13 154 2 146 1 184 80 181 5 119 14 152 1 96 8 165 42 226 4 230 100 234 44 64 3 66 1 87 40 109 33 12 48 46 33 86 51 159 1 174 85 115 90 42 32 206 73 240 6 213
-2147483616 25 299 1 237 52 218 7 137 1 147 1 203 6 128 6 52 15 168 2 196 14 226 1 194 1 218 96 40 7 41 71 157 3 161 1 115 18 13 70 72 20 232 3 65 1 26 96 95 1 225 5 121
-2147483615 25 433 89 35 4 81 46 87 1 49 9 11 18 138 73 162 1 93 100 101 40 102 18 61 3 96 16 122 2 2 1 222 27 219 91 88 25 114 4 233 1 29 34 7 10 143 14 241 5 168 90 49
-2147483614 25 287 13 139 1 141 23 79 1 126 3 6 77 15 32 230 5 155 15 178 47 158 3 203 21 184 2 240 6 18 5 133 1 10 6 12 50 46 22 192 22 120 8 160 45 124 4 141 34 73 33 140
-2147483613 25 253 16 143 1 159 1 216 4 144 2 240 13 69 1 17 37 127 38 213 37 115 1 117 3 175 13 176 6 106 1 117 1 54 2 113 2 185 2 238 1 154 9 158 39 165 95 143 76 47 21 77
-2147483612 25 330 10 140 50 117 7 94 99 25 5 97 7 241 7 9 1 183 3 59 1 198 3 101 1 244 3 128 4 231 1 147 34 135 66 126 16 91 34 165 60 171 44 95 1 179 8 240 18 56 67 4
-2147483611 25 312 60 115 1 13 5 53 5 175 9 203 3 87 24 81 2 129 21 202 13 114 4 5 3 115 7 18 29 112 24 227 1 136 8 103 55 200 89 152 1 67 27 54 78 235 48 22 1 59 2 73
-2147483610 25 378 15 47 5 43 71 44 1 248 21 36 2 201 14 162 78 139 5 204 98 157 4 199 2 111 10 246 2 217 29 15 11 198 74 106 2 146 72 214 30 95 50 14 1 205 30 204 2 236 1 171
-2147483609 25 355 1 103 77 209 10 95 17 66 1 194 4 13 83 21 26 96 19 142 5 107 63 52 10 200 5 237 12 186 11 73 74 54 6 72 2 80 1 113 8 67 72 121 8 160 7 231 69 74 2 3
-2147483608 25 353 1 46 70 109 62 120 4 183 52 98 8 188 31 13 1 196 2 203 1 82 87 137 1 16 44 173 7 148 30 27 1 9 34 2 84 193 3 240 2 15 43 201 1 33 5 139 3 240 12 41
-2147483607 25 253 58 132 1 43 48 51 5 240 2 147 1 207 1 148 9 101 6 220 13 13 4 91 80 92 32 88 8 6 1 139 25 163 1 49 1 162 1 200 38 69 65 56 1 86 2 219 14 127 5 57
-2147483606 25 317 18 104 11 35 11 158 2 214 2 91 61 134 35 120 4 107 29 100 31 79 64 93 2 83 1 6 1 224 2 56 1 228 64 56 69 134 5 48 1 247 8 35 2 212 21 164 81 115 3 188
-2147483605 25 320 2 163 6 116 6 224 68 117 33 115 8 95 10 179 17 174 33 93 1 26 81 54 1 68 1 72 1 236 49 210 1 84 3 235 2 171 1 248 38 33 13 145 7 165 83 127 67 88 2 209
-2147483604 25 392 11 198 3 100 3 238 4 244 1 55 1 141 98 218 20 180 61 99 58 67 24 152 12 134 1 25 3 230 98 104 72 73 9 60 14 86 18 140 1 190 35 112 1 154 80 223 25 17 1 92
-2147483603 25 235 4 82 11 154 2 145 4 72 53 78 1 159 7 238 30 126 1 224 45 45 25 156 2 48 1 68 1 250 1 213 4 33 1 248 95 71 2 110 27 12 45 15 4 6 5 178 21 13 1 36
-2147483602 25 151 11 112 11 204 4 150 3 16 1 221 3 63 1 230 66 160 2 13 10 51 1 122 10 70 1 121 1 120 9 240 6 203 38 172 23 36 12 111 5 32 25 44 3 120 2 149 3 16 2 114
-2147483601 25 248 99 177 9 113 1 33 1 4 3 9 1 78 43 25 57 244 10 147 29 41 3 126 7 247 36 37 7 105 15 109 4 43 16 113 3 248 13 193 1 216 6 191 6 76 2 186 8 208 34 10
-2147483600 25 319 73 223 7 115 71 120 1 18 2 178 29 207 15 62 66 242 28 99 18 146 1 111 46 195 1 23 5 223 5 55 2 21 1 174 95 176 8 147 2 178 9 64 9 162 4 179 16 250 19 145
