2147483647 25 727 46 93 22 72 25 174 73 14 89 5 79 237 1 97 26 136 26 188 70 190 28 156 65 167 93 64 63 173 68 118 70 7 64 119 3 10 57 152 33 88 8 138 71 242 37 156 63 3 32 69
-2147483648 25 808 79 82 81 96 29 174 33 66 93 132 28 14 83 57 80 81 42 10 43 108 70 129 3 59 41 246 11 76 37 235 90 164 95 19 18 216 50 69 54 2 97 130 48 211 72 113 70 95 1 58
-2147483647 25 861 94 91 60 81 67 18 53 60 80 208 81 30 33 108 17 39 62 246 99 45 22 66 59 75 91 127 98 53 22 112 5 163 16 84 59 184 75 208 73 233 90 242 17 149 47 223 97 177 18 82
-2147483646 25 720 63 187 28 123 61 100 34 230 17 107 10 39 7 117 66 171 55 218 26 68 58 178 33 78 82 125 22 107 13 20 56 158 72 86 18 130 86 165 73 245 100 230 71 33 2 238 52 28 95 109
-2147483645 25 762 3 215 66 87 100 123 52 45 18 30 15 160 7 121 20 36 15 3 26 3 69 142 55 208 90 68 39 143 57 150 68 155 32 87 80 23 94 88 96 138 97 194 53 163 36 131 63 227 20 115
-2147483644 25 636 80 40 42 231 76 221 85 247 20 86 75 97 53 246 18 118 70 86 61 194 6 222 22 79 14 136 3 178 1 208 35 228 74 130 72 120 19 18 53 215 31 111 19 110 51 48 5 199 76 148
-2147483643 25 676 59 34 50 50 2 110 50 94 57 228 43 127 87 80 31 68 50 61 29 55 88 136 1 150 21 93 65 83 3 204 94 150 44 144 76 14 3 146 27 217 49 185 3 29 63 126 100 98 33 210
-2147483642 25 677 15 178 75 112 32 120 37 2 96 205 82 127 56 50 68 24 18 160 57 52 41 176 12 160 56 83 4 13 5 9 87 127 37 2 57 33 66 65 30 178 51 77 21 161 85 74 18 79 23 73
-2147483641 25 813 26 20 77 106 77 110 90 158 16 96 87 134 18 201 82 156 12 121 43 95 72 36 80 67 22 238 66 73 29 233 67 17 20 102 100 147 63 236 11 130 49 89 63 239 89 80 84 147 13 2
-2147483640 25 714 6 74 13 189 53 8 12 106 6 59 58 192 93 22 88 156 20 204 79 72 79 107 9 191 84 25 87 15 29 30 53 166 29 208 38 221 100 193 81 197 10 215 52 14 29 194 38 152 44 124
-2147483639 25 705 56 238 22 84 5 150 93 16 70 78 49 87 35 117 40 105 17 60 78 87 27 245 22 224 56 46 16 117 22 139 53 185 88 110 34 105 76 195 100 144 35 233 32 125 22 30 40 166 87 227
-2147483638 25 837 42 158 16 174 60 39 2 197 79 48 37 216 30 189 80 50 92 199 58 151 48 235 11 36 81 172 96 246 75 68 94 226 80 214 56 4 75 145 55 1 15 211 9 211 23 108 91 8 90 106
-2147483637 25 730 17 44 7 56 92 15 94 202 52 32 52 232 36 208 20 135 63 51 66 153 8 238 26 22 48 194 54 53 34 47 47 77 39 127 22 234 76 67 96 123 57 221 52 84 61 177 39 4 59 209
-2147483636 25 516 78 41 9 212 60 181 53 57 79 96 29 155 17 28 50 18 21 141 22 97 6 170 22 89 6 62 78 225 1 127 39 172 1 98 12 174 19 96 75 165 14 178 81 212 17 144 41 206 31 216
-2147483635 25 897 82 45 50 165 89 160 59 205 97 54 63 166 34 81 19 11 76 136 58 11 44 234 62 208 28 210 92 9 73 244 95 13 61 234 93 245 97 108 51 48 56 190 49 207 32 195 16 80 19 205
-2147483634 25 584 17 236 22 100 15 9 13 107 56 99 75 200 51 205 33 28 11 79 43 62 24 31 19 150 58 1 62 94 5 64 44 173 24 152 6 210 17 55 49 197 73 130 85 117 45 140 45 194 82 138
-2147483633 25 634 8 18 77 23 37 110 21 223 43 192 22 221 74 45 20 13 76 136 53 18 8 11 15 62 24 127 68 233 57 208 34 116 22 236 40 218 45 61 99 109 6 176 10 184 35 34 85 185 78 192
-2147483632 25 737 61 3 8 246 2 38 89 19 13 132 57 15 27 186 100 166 13 66 87 108 64 234 65 164 63 193 78 82 85 218 38 117 44 40 18 49 84 19 10 183 53 249 47 82 12 169 89 227 22 66
-2147483631 25 940 9 46 55 92 71 137 91 213 98 7 71 209 70 71 3 89 70 51 61 225 87 242 5 118 42 38 96 168 82 72 84 109 67 11 96 193 31 98 51 55 41 34 37 150 84 192 100 210 66 221
-2147483630 25 755 95 159 38 21 43 140 20 183 59 127 81 38 94 211 54 238 30 4 14 223 2 150 66 245 74 77 30 235 3 21 54 156 69 134 53 72 48 8 50 108 39 195 99 126 96 162 27 247 21 227
-2147483629 25 683 29 157 91 71 45 119 74 241 77 147 20 59 97 133 47 142 12 225 10 63 1 35 64 178 92 203 39 97 35 115 94 228 17 86 71 185 27 99 17 65 42 103 56 118 27 244 8 54 47 54
-2147483628 25 858 92 101 83 141 18 48 91 233 31 193 57 154 98 23 45 121 42 67 63 99 85 116 25 175 81 160 100 212 93 55 70 1 31 86 41 237 89 156 15 190 55 204 1 174 71 187 35 176 19 241
-2147483627 25 795 41 196 41 144 75 202 70 115 32 184 8 214 90 55 59 97 33 138 4 160 100 105 79 127 36 250 17 93 63 223 36 239 21 7 43 200 82 229 37 54 100 231 42 8 93 224 93 113 30 82
-2147483626 25 664 19 71 14 33 17 140 97 80 88 29 9 226 2 119 5 100 94 123 39 50 72 67 100 135 13 59 69 187 1 155 12 122 2 193 49 245 89 28 38 133 58 33 85 218 38 194 62 161 36 96
-2147483625 25 961 98 53 46 13 24 234 21 188 32 238 85 217 98 194 85 202 63 131 27 60 65 18 86 229 91 63 84 119 59 19 54 64 41 68 18 168 99 170 51 12 75 98 82 49 74 57 99 118 46 8
-2147483624 25 694 54 110 79 205 6 13 73 226 41 5 46 195 85 99 4 228 27 68 74 54 77 175 20 147 2 164 7 178 97 69 99 147 77 181 16 147 7 109 34 186 55 146 25 53 83 225 49 78 20 32
-2147483623 25 612 47 99 6 126 78 162 36 14 80 49 54 24 12 49 33 79 23 126 54 165 66 201 6 178 56 194 21 227 26 94 45 99 55 164 74 187 6 81 56 22 22 79 2 150 73 163 50 15 40 66
-2147483622 25 864 78 250 17 213 83 8 57 110 90 94 98 243 30 155 90 206 55 58 60 224 86 2 86 166 71 14 74 125 18 125 56 178 53 234 15 221 97 81 20 42 9 195 10 141 76 42 81 85 31 102
-2147483621 25 657 81 113 52 198 45 6 34 200 66 43 82 100 60 122 17 71 33 204 67 132 7 197 52 142 32 122 34 94 14 114 30 157 70 223 19 229 47 186 29 219 81 203 60 65 16 39 65 96 2 67
-2147483620 25 760 47 242 10 67 99 182 90 128 64 240 52 120 33 129 59 216 74 136 13 89 39 118 36 70 62 70 35 186 86 122 82 10 30 46 81 121 67 106 21 95 57 201 4 81 32 207 60 57 34 67
-2147483619 25 761 82 206 86 175 4 40 52 89 95 170 33 97 13 113 45 33 28 39 51 9 77 182 59 178 29 125 45 239 80 155 48 212 87 29 32 173 45 215 60 90 64 169 36 212 8 15 57 197 53 116
-2147483618 25 832 14 114 99 144 10 35 79 244 65 78 1 105 68 28 53 23 58 128 37 182 83 105 29 243 86 210 99 36 97 12 28 146 69 120 80 112 89 246 40 10 13 58 54 103 52 173 35 190 49 119
-2147483617 25 646 54 49 12 148 60 127 5 2 3 218 7 140 30 133 71 90 40 44 16 239 63 2 82 188 41 73 92 181 92 137 79 124 35 246 88 245 24 81 42 39 37 131 37 3 12 24 41 57 14 97
-2147483616 25 705 68 152 18 30 16 84 14 237 46 178 61 26 13 79 14 233 24 116 46 228 85 38 45 183 57 49 90 223 85 1 56 119 66 79 98 70 91 162 37 37 28 82 43 169 16 45 35 202 24 223
-2147483615 25 694 24 145 72 98 3 84 31 129 96 37 10 156 43 137 10 9 28 104 9 161 98 107 56 217 95 70 28 148 79 67 94 53 56 145 11 25 14 242 56 18 20 104 63 118 49 139 77 236 36 72
-2147483614 25 929 62 182 84 149 41 140 51 200 48 31 55 106 97 68 44 16 99 32 94 246 22 193 95 31 54 145 10 43 90 80 2 167 44 159 72 23 78 78 90 222 88 21 65 28 77 137 35 123 52 229
-2147483613 25 706 84 221 50 204 14 45 22 133 53 204 42 78 50 189 61 183 15 200 65 191 56 186 44 41 26 74 44 50 97 250 78 169 9 250 84 23 57 132 37 120 13 67 87 138 4 241 33 150 53 190
-2147483612 25 639 53 84 20 101 20 20 29 227 82 93 30 99 56 213 11 141 7 176 67 202 43 172 76 163 16 114 24 206 15 140 52 105 91 38 77 229 33 2 3 157 84 192 52 26 17 158 63 112 45 18
-2147483611 25 657 1 247 43 116 58 11 49 173 50 2 12 187 88 60 99 224 62 197 6 205 13 93 12 208 58 13 62 149 31 40 32 141 6 121 30 144 19 72 98 112 80 152 17 47 100 85 5 244 64 26
-2147483610 25 717 80 86 36 117 84 142 42 70 70 12 15 235 75 236 94 130 28 178 25 52 35 3 70 219 16 8 73 95 1 174 5 202 99 20 93 87 45 165 16 152 37 87 38 113 25 97 28 185 66 196
-2147483609 25 682 35 243 16 226 24 192 58 226 24 72 84 6 19 113 64 8 3 85 76 162 55 250 52 85 42 152 19 80 9 48 38 106 40 8 85 222 88 4 22 201 86 234 86 56 20 185 80 209 12 42
-2147483608 25 803 31 83 74 172 77 169 65 171 67 114 47 192 40 148 62 209 36 64 20 190 36 159 70 227 38 5 5 1 74 51 19 65 96 42 55 68 38 43 63 48 39 129 3 143 93 98 95 214 96 247
-2147483607 25 715 16 145 41 142 58 44 85 37 2 77 21 207 72 10 30 157 69 66 54 158 53 47 10 174 67 187 84 44 99 59 30 171 12 38 16 138 79 224 5 48 68 160 87 124 56 232 31 52 48 125
-2147483606 25 838 72 249 40 54 55 181 10 228 99 159 18 221 82 56 32 58 24 19 45 226 95 6 94 66 16 164 88 208 79 12 42 235 30 173 52 1 75 153 83 176 73 127 75 176 1 110 67 68 50 22
-2147483605 25 790 54 20 48 222 18 2 18 92 79 42 49 228 99 149 69 107 13 33 40 153 49 128 57 176 45 104 46 219 82 40 99 42 90 232 50 175 92 33 5 14 66 131 17 117 87 145 29 217 16 234
-2147483604 25 615 32 122 49 7 42 65 11 154 24 93 30 153 82 104 28 166 86 93 73 224 66 101 14 203 17 178 43 132 4 98 41 228 2 149 44 38 10 247 47 246 36 74 77 23 58 75 29 154 81 42
-2147483603 25 771 20 4 11 169 71 153 86 101 84 230 83 21 12 97 21 214 51 187 12 169 29 2 31 91 98 37 59 8 99 94 91 20 99 136 38 145 23 225 98 6 65 88 66 196 2 230 17 227 20 183
-2147483602 25 837 57 96 65 37 20 30 77 149 67 48 69 19 4 65 82 104 74 41 65 224 38 135 76 41 90 42 2 100 62 152 81 115 88 243 13 125 55 47 71 17 61 129 14 152 31 224 47 237 87 167
-2147483601 25 936 48 20 93 132 91 199 40 200 59 111 65 115 17 57 77 224 67 146 61 220 28 244 36 236 89 11 68 172 48 10 92 249 37 22 60 121 50 87 8 19 95 69 93 101 87 108 91 215 60 217
-2147483600 25 789 64 131 63 86 71 233 20 45 54 10 61 43 89 165 29 8 72 19 58 148 44 5 97 204 31 51 24 22 42 10 45 235 63 190 28 112 31 9 39 56 98 10 100 120 81 157 2 242 10 211
