2147483647 25 588 5 204 28 96 21 109 50 239 46 112 38 233 40 45 1 60 39 165 49 190 90 155 3 241 21 49 91 191 18 100 26 55 22 133 60 104 97 23 37 105 54 186 35 233 92 88 17 77 1 164
-2147483648 25 581 7 227 28 23 87 119 29 195 24 115 18 123 68 97 2 69 81 245 37 43 40 226 92 186 84 208 9 250 14 25 66 50 1 231 29 219 40 143 65 158 4 206 12 177 21 34 99 3 12 88
-2147483647 25 599 18 127 25 23 25 21 92 84 8 14 44 183 25 110 66 135 31 13 11 240 68 35 79 200 85 248 94 208 100 12 18 44 56 107 27 200 51 46 14 147 24 142 32 121 1 243 3 79 2 33
-2147483646 25 822 28 175 27 13 50 29 4 108 95 9 48 30 22 7 55 119 83 14 66 240 64 222 53 240 38 133 93 98 85 237 52 28 65 197 17 36 90 51 58 211 24 12 97 112 7 127 92 224 57 144
-2147483645 25 775 85 50 47 94 16 208 91 22 23 186 4 186 86 170 53 5 83 107 22 99 27 114 44 58 90 127 74 205 40 75 40 63 50 214 63 164 69 132 74 227 27 193 65 31 45 44 15 68 60 90
-2147483644 25 706 67 217 81 25 10 177 61 209 53 1 14 230 26 157 77 219 28 114 41 5 36 168 79 1 80 59 18 234 51 194 29 42 65 25 27 185 81 218 58 84 88 176 25 32 34 5 1 153 47 101
-2147483643 25 817 63 207 7 104 83 216 65 1 80 39 78 22 33 105 19 147 16 249 46 184 33 83 44 144 46 192 60 115 38 16 86 1 89 232 42 180 80 17 72 147 23 125 68 136 92 215 13 20 86 147
-2147483642 25 782 81 44 92 62 75 95 2 85 84 97 40 174 40 72 63 203 1 103 88 181 100 25 23 168 64 35 53 193 22 96 36 6 56 69 27 76 66 70 65 122 67 11 18 14 33 200 87 83 21 185
-2147483641 25 865 6 52 84 69 88 119 42 102 25 157 79 150 65 86 88 229 65 131 20 72 1 215 33 46 92 165 99 194 99 47 52 10 40 87 32 68 83 181 68 17 35 116 67 249 81 135 91 113 7 25
-2147483640 25 780 74 18 96 17 26 217 73 59 65 177 43 39 75 204 51 15 9 81 78 190 39 32 22 14 12 6 60 6 48 165 13 52 73 20 28 245 95 249 22 147 71 159 74 112 45 60 51 133 57 72
-2147483639 25 711 29 238 41 127 1 132 53 151 55 250 26 168 21 247 75 119 97 174 47 45 28 43 82 5 62 65 26 31 79 206 41 20 78 205 59 195 35 27 39 223 11 160 57 77 63 78 79 147 1 63
-2147483638 25 826 77 72 43 145 31 10 84 141 17 157 39 143 71 39 39 72 94 182 40 79 62 124 96 45 81 144 49 146 17 124 84 232 78 64 51 21 30 86 65 115 97 6 3 169 18 104 96 27 15 88
-2147483637 25 835 43 191 85 93 94 162 95 108 23 28 93 16 4 176 32 136 79 154 89 107 7 214 45 25 53 157 52 122 74 164 84 39 42 170 53 89 33 118 79 139 59 177 62 155 41 234 17 48 55 12
-2147483636 25 871 62 155 90 17 72 107 70 57 92 107 88 187 58 73 43 26 65 188 58 107 31 40 14 231 78 135 86 235 73 102 99 88 3 221 42 185 31 28 97 55 54 210 97 28 13 98 22 194 15 198
-2147483635 25 712 20 112 95 82 37 181 87 57 66 149 64 160 95 164 53 90 39 208 47 88 5 1 19 4 12 80 41 82 10 137 12 73 100 16 62 90 79 121 59 111 8 54 9 6 87 151 38 64 44 212
-2147483634 25 756 61 120 85 199 50 241 12 225 29 52 45 102 50 108 47 28 79 64 60 94 70 168 59 195 69 114 39 18 71 204 92 78 30 192 11 196 73 55 68 4 43 31 43 230 56 223 3 86 15 155
-2147483633 25 804 72 211 29 76 63 244 76 1 5 116 82 240 78 27 73 220 89 113 10 143 47 131 69 221 44 61 78 117 59 230 9 75 76 92 61 95 35 89 39 96 82 49 35 148 31 16 47 48 52 142
-2147483632 25 931 76 244 9 112 86 132 69 158 100 69 55 19 58 77 44 44 69 195 53 17 17 87 27 126 94 141 57 101 76 20 97 127 6 15 96 228 59 161 54 144 92 22 65 123 40 22 67 20 87 48
-2147483631 25 746 15 7 54 101 54 118 97 25 88 179 18 211 23 57 90 45 14 121 83 169 6 185 77 176 23 39 79 223 23 164 9 93 68 155 78 53 10 185 31 242 46 121 81 169 72 177 86 213 19 169
-2147483630 25 690 53 61 42 72 95 160 44 183 53 167 39 153 4 16 24 203 28 81 55 146 29 1 7 23 68 195 80 133 63 246 21 38 23 153 44 43 25 218 91 195 54 72 39 144 35 155 39 156 95 234
-2147483629 25 747 21 57 94 68 32 154 5 29 15 168 10 86 83 82 96 65 50 52 13 99 99 167 68 93 25 7 100 157 65 233 57 213 16 125 12 119 12 42 59 64 84 172 60 165 2 139 92 127 76 11
-2147483628 25 783 91 186 71 146 12 238 61 26 58 65 4 35 11 49 64 57 67 188 40 65 1 58 95 152 90 240 16 202 47 230 85 92 66 140 95 193 52 139 88 22 82 227 23 230 10 217 15 192 62 135
-2147483627 25 794 3 156 78 243 23 166 93 97 47 97 31 80 76 241 88 175 73 97 26 151 48 16 51 176 99 153 57 33 38 47 67 100 81 110 37 10 10 73 43 142 68 182 89 109 69 191 14 105 15 96
-2147483626 25 763 2 157 45 133 33 108 14 224 56 128 8 57 92 222 67 70 93 192 57 87 34 63 8 54 69 191 98 204 18 32 20 50 75 161 73 19 8 216 98 158 38 13 86 72 94 131 57 215 29 34
-2147483625 25 843 21 156 39 70 84 16 5 204 88 56 94 18 42 172 72 37 77 198 1 184 42 97 79 70 67 180 81 58 58 23 37 196 71 187 7 137 81 27 36 171 33 75 76 187 99 118 90 187 26 226
-2147483624 25 786 49 170 29 66 96 240 99 190 19 141 85 138 35 139 30 103 11 27 52 115 79 211 76 136 59 185 2 121 49 69 39 242 96 168 23 228 63 54 67 205 78 129 37 30 7 167 53 43 77 10
-2147483623 25 760 63 140 89 97 11 118 13 30 96 153 40 84 58 86 1 202 26 159 2 230 46 198 44 205 91 126 49 109 68 64 48 76 82 88 69 229 83 202 4 193 42 106 11 249 77 29 80 5 75 205
-2147483622 25 849 94 51 61 93 2 129 88 126 95 136 76 105 85 143 77 132 49 148 34 129 37 189 94 117 75 176 58 136 72 82 37 165 53 243 3 137 49 225 6 108 45 203 85 72 38 155 82 216 21 37
-2147483621 25 677 38 143 90 79 4 162 2 154 19 185 95 138 40 118 52 106 2 1 32 17 44 191 88 70 5 64 90 215 12 27 1 123 68 227 81 177 56 206 33 185 56 66 29 239 73 202 38 187 81 174
-2147483620 25 860 82 60 46 172 52 126 94 104 37 13 52 92 55 49 28 88 91 207 18 56 57 183 49 214 69 54 67 15 96 118 76 192 71 52 46 57 71 98 64 17 45 40 44 247 36 178 34 64 54 127
-2147483619 25 777 48 26 24 240 96 231 17 155 99 32 9 183 90 199 94 87 2 161 74 165 71 45 82 37 17 43 86 124 43 98 1 224 50 60 86 112 17 6 7 36 15 39 88 11 95 203 39 242 46 31
-2147483618 25 802 63 41 30 110 31 115 61 40 96 7 55 239 93 11 20 194 49 90 80 139 51 237 71 94 99 163 19 94 62 159 50 60 80 200 68 25 26 71 26 53 32 202 17 59 85 91 1 84 73 202
-2147483617 25 667 89 56 76 149 60 185 25 195 12 216 42 154 10 52 42 194 31 168 6 141 89 92 37 13 61 55 42 153 56 34 42 111 36 42 4 239 91 70 74 6 14 37 64 60 36 12 2 165 72 18
-2147483616 25 640 23 149 44 148 65 10 81 15 65 91 20 16 81 138 23 209 51 34 12 60 16 63 39 198 49 185 84 126 40 138 58 155 15 3 22 199 6 5 85 175 38 11 77 45 59 248 2 23 13 32
-2147483615 25 820 33 72 38 178 8 217 45 228 37 212 47 236 47 153 96 169 41 2 70 64 71 19 30 117 26 221 46 67 98 147 39 76 87 192 2 236 64 115 86 1 31 80 95 192 94 225 45 84 91 34
-2147483614 25 720 59 152 21 221 7 116 77 132 73 185 12 29 4 245 89 12 93 129 51 195 52 203 10 115 58 7 36 5 37 65 16 238 87 91 84 234 83 150 46 137 34 143 67 94 55 136 43 118 6 232
-2147483613 25 578 25 144 74 87 4 78 38 98 33 184 65 120 69 128 84 130 45 165 12 225 21 113 47 218 83 4 42 61 49 118 17 183 5 227 8 19 22 112 47 136 19 28 2 217 62 215 39 15 52 125
-2147483612 25 783 96 181 95 107 60 193 44 2 2 231 48 46 66 130 9 183 60 76 18 15 85 90 17 216 23 197 72 153 85 60 11 201 96 15 23 138 83 167 56 211 59 8 3 61 56 29 97 37 42 37
-2147483611 25 741 21 65 51 94 12 183 17 210 34 2 8 112 81 9 51 9 59 84 71 36 18 72 18 51 53 181 32 125 87 183 65 19 99 37 45 26 88 152 94 54 62 3 67 106 5 42 46 158 51 40
-2147483610 25 771 77 170 45 236 88 244 67 49 48 134 93 29 61 227 27 14 1 35 67 237 36 69 96 5 70 1 19 39 63 172 32 100 37 190 34 61 74 1 44 52 54 89 32 36 27 146 20 68 73 214
-2147483609 25 626 22 19 13 44 10 207 18 70 99 201 97 74 21 83 6 136 58 198 55 2 100 21 37 79 23 156 90 105 90 154 28 27 70 100 28 197 23 114 7 52 26 8 51 115 36 140 1 234 35 137
-2147483608 25 702 94 85 63 76 66 213 93 137 27 205 17 135 93 214 94 51 64 41 66 176 37 228 74 218 37 23 43 93 3 194 92 241 12 136 27 192 40 48 31 166 1 118 20 233 33 34 13 241 30 196
-2147483607 25 933 67 167 70 99 54 16 49 242 43 128 75 87 48 215 89 184 63 71 93 233 95 233 40 36 87 181 28 248 69 144 78 87 24 117 74 195 53 57 75 239 74 123 31 51 35 48 94 242 47 217
-2147483606 25 778 90 103 80 74 56 164 2 207 65 175 40 105 5 160 89 196 42 103 1 41 37 185 65 167 95 249 86 221 96 81 75 213 74 136 15 72 20 41 12 211 86 128 27 226 15 37 69 142 56 173
-2147483605 25 817 73 231 44 94 59 94 37 111 26 82 77 1 18 126 55 81 79 186 49 226 59 86 42 212 25 141 100 232 13 138 62 214 48 12 23 16 43 150 51 170 93 68 68 26 78 57 43 140 97 227
-2147483604 25 732 46 139 25 218 41 123 44 99 42 141 95 9 42 105 9 162 48 126 25 245 18 42 25 215 27 5 9 174 58 13 60 9 61 212 91 1 34 86 40 188 91 86 79 80 76 216 97 59 37 52
-2147483603 25 745 22 137 38 116 41 160 49 123 34 15 54 233 10 36 78 250 15 28 35 137 86 61 89 161 56 162 51 131 89 218 73 25 42 25 56 206 74 10 32 18 10 213 1 48 100 194 19 35 89 133
-2147483602 25 809 69 186 78 143 39 83 22 222 86 25 76 146 20 44 68 189 100 104 80 77 49 223 16 122 9 38 27 68 29 37 80 242 89 143 54 68 91 189 16 190 85 229 34 12 9 4 80 22 43 148
-2147483601 25 696 40 229 49 138 40 141 70 166 84 247 81 158 96 174 21 123 97 26 25 31 86 24 4 49 14 32 21 234 22 160 53 153 56 3 17 239 58 215 62 101 85 105 4 200 12 59 29 20 34 134
-2147483600 25 702 21 50 63 60 40 191 37 151 70 146 24 56 19 199 24 88 75 201 21 90 21 14 78 60 86 223 47 37 97 202 68 42 1 76 41 99 7 194 100 191 36 59 99 136 3 54 90 194 2 26
