2147483647 25 786 67 33 4 119 94 79 69 170 33 133 35 72 51 78 86 197 49 250 56 75 4 111 17 165 64 148 96 152 64 64 16 119 45 52 76 212 55 156 55 203 85 166 29 139 94 96 53 224 14 183
-2147483648 25 753 40 228 87 149 8 32 92 37 54 182 35 85 1 30 56 133 94 225 84 223 57 12 48 162 8 2 20 227 35 88 8 159 42 51 53 177 7 186 96 229 85 119 90 226 55 100 55 202 46 189
-2147483647 25 711 81 11 45 85 65 49 35 247 10 154 1 202 48 120 38 56 78 41 59 113 34 203 39 146 73 222 92 63 90 143 51 185 32 201 80 103 2 143 18 47 63 152 44 118 2 245 90 210 15 197
-2147483646 25 762 72 186 46 43 26 246 67 143 24 186 43 64 3 37 50 190 48 70 32 176 11 158 85 219 2 229 100 242 58 48 32 9 57 79 72 152 47 199 75 33 45 45 8 171 96 110 87 217 84 134
-2147483645 25 742 2 155 6 184 37 88 98 112 77 215 90 95 8 186 76 31 20 126 7 114 60 180 22 138 95 23 30 25 75 213 61 14 99 83 73 141 85 166 35 148 80 136 52 137 7 230 16 67 26 96
-2147483644 25 678 11 100 16 123 49 86 6 97 72 124 31 51 85 30 40 248 31 40 58 18 96 148 36 22 85 78 20 94 58 196 8 248 28 180 40 127 39 114 54 164 61 240 20 105 29 92 60 93 97 23
-2147483643 25 732 76 29 75 246 46 61 97 204 43 240 8 15 3 130 45 208 82 83 19 103 28 141 39 247 37 203 62 3 43 189 39 27 44 164 96 123 79 230 12 79 53 116 9 88 8 175 88 3 90 186
-2147483642 25 993 65 138 75 97 41 168 90 192 81 12 13 151 59 137 94 214 64 194 65 30 39 211 94 2 32 32 99 7 76 12 80 147 41 52 95 226 80 119 58 235 70 11 54 224 54 38 67 75 69 63
-2147483641 25 898 74 82 32 248 53 147 43 204 90 172 84 235 88 31 78 156 93 28 23 87 48 96 80 205 79 51 38 97 20 35 88 146 82 140 94 19 56 63 67 29 2 179 40 158 22 18 42 235 81 177
-2147483640 25 811 94 77 53 197 9 10 16 55 41 154 52 122 23 38 86 152 94 110 87 116 58 91 89 19 67 181 71 231 93 198 54 168 3 236 18 107 78 82 22 7 68 166 4 206 12 17 84 115 76 64
-2147483639 25 739 55 143 22 29 16 129 59 213 91 14 94 209 60 124 42 206 49 214 94 203 20 76 77 204 88 126 40 242 25 163 30 3 14 103 63 230 45 66 31 90 11 1 41 215 23 219 73 118 70 243
-2147483638 25 704 35 101 36 107 77 218 69 199 95 165 31 180 31 135 17 60 4 82 51 166 48 73 88 14 31 110 18 69 97 103 63 164 35 77 89 45 12 195 45 18 11 177 40 174 45 111 89 218 17 62
-2147483637 25 711 58 230 23 223 53 7 71 49 49 217 57 4 27 10 96 92 40 219 28 87 52 113 44 224 33 55 35 166 55 139 41 138 43 237 46 198 83 132 70 106 5 223 50 147 39 203 61 186 27 42
-2147483636 25 745 83 37 38 99 32 151 11 52 64 21 6 119 95 74 54 111 35 235 9 245 26 107 40 74 80 157 40 196 60 160 68 136 16 235 45 182 89 29 83 194 81 64 24 27 53 70 16 141 94 120
-2147483635 25 699 58 113 12 92 6 205 78 153 90 123 67 155 92 38 3 118 31 47 87 125 35 123 80 159 17 57 98 177 59 5 8 34 70 121 85 90 32 97 51 88 1 222 50 134 13 61 36 181 7 25
-2147483634 25 706 8 35 22 25 70 21 5 92 44 130 79 4 67 76 21 189 45 46 17 50 27 75 41 23 51 184 59 174 96 41 47 157 49 147 79 169 54 29 73 154 92 50 22 248 31 119 5 3 74 245
-2147483633 25 747 90 182 53 37 11 192 79 208 90 16 52 140 71 116 70 217 18 214 19 199 16 51 89 23 3 192 80 246 63 230 69 194 25 212 71 56 58 161 44 201 23 214 43 109 52 32 29 150 27 241
-2147483632 25 751 19 211 97 107 81 178 3 42 67 200 47 148 33 67 77 244 89 120 49 152 45 106 29 123 72 66 43 153 60 98 39 99 99 206 25 192 23 250 71 123 31 44 73 204 22 66 48 184 10 220
-2147483631 25 835 49 123 88 108 70 32 47 179 47 196 96 76 13 27 95 158 21 145 94 29 82 11 31 238 74 27 87 122 58 143 37 239 67 18 77 102 40 55 98 31 10 127 14 191 9 181 20 37 68 8
-2147483630 25 655 25 219 21 211 28 189 68 218 90 231 2 199 52 244 29 223 1 167 15 5 19 184 6 28 90 64 65 200 52 80 45 233 24 169 22 126 10 131 77 56 79 42 52 78 63 182 89 206 69 202
-2147483629 25 838 1 203 94 83 61 34 12 235 64 225 86 9 3 58 34 80 6 14 88 78 69 2 50 236 83 22 96 82 90 84 80 31 83 108 6 92 38 46 44 171 75 46 75 155 70 166 78 205 11 154
-2147483628 25 702 44 66 56 233 99 233 35 247 54 231 22 136 40 165 2 150 68 124 50 72 11 219 38 73 31 192 24 155 23 225 15 232 69 176 35 42 95 102 44 187 73 130 60 212 89 41 66 206 27 4
-2147483627 25 792 17 105 10 55 80 9 96 132 37 129 12 154 63 22 48 215 64 216 46 23 48 115 90 129 11 228 15 63 67 7 19 132 80 155 89 150 75 58 61 33 70 50 15 89 67 78 58 56 83 125
-2147483626 25 815 86 221 38 225 100 98 60 130 83 27 96 42 15 30 51 44 82 95 4 62 54 76 42 38 32 221 71 90 22 108 33 50 50 29 61 173 79 211 17 203 41 159 71 208 86 5 75 201 10 103
-2147483625 25 851 54 244 73 171 85 225 54 233 38 249 19 148 83 151 66 231 68 237 48 47 89 189 86 204 54 120 44 232 37 135 37 140 96 71 56 218 48 51 43 158 61 148 37 70 18 204 66 221 59 83
-2147483624 25 825 12 242 68 106 96 132 83 77 3 139 66 173 25 171 53 54 34 47 23 132 56 58 52 223 95 28 47 203 78 233 33 166 2 189 70 7 92 237 10 113 63 18 86 92 75 155 86 175 67 202
-2147483623 25 592 60 145 26 150 1 36 4 8 99 35 44 201 51 246 87 26 49 173 18 14 99 186 57 112 17 213 31 42 34 144 48 152 28 124 26 30 36 150 5 186 10 120 84 117 29 117 14 125 30 128
-2147483622 25 900 88 240 49 227 98 181 10 5 70 125 44 241 92 249 39 47 85 172 35 130 86 206 82 101 72 59 44 106 46 164 96 247 92 39 92 154 11 51 79 24 31 215 13 27 53 83 76 162 18 164
-2147483621 25 856 84 25 82 115 98 50 59 197 79 179 89 125 75 24 85 103 18 41 83 94 48 136 58 158 4 159 24 185 2 156 74 204 23 33 33 243 74 143 90 87 28 240 82 97 45 197 9 193 82 136
-2147483620 25 742 45 49 26 149 39 210 36 65 93 125 28 54 23 126 62 206 40 94 17 235 71 59 91 191 50 153 34 50 59 171 9 110 31 3 81 9 64 35 1 16 95 107 18 11 94 12 55 102 75 172
-2147483619 25 810 43 61 87 6 88 106 91 55 5 46 11 213 53 107 58 125 62 225 3 223 72 243 96 89 98 138 40 93 62 50 80 242 65 228 8 198 58 55 47 98 36 247 33 111 69 193 24 2 61 72
-2147483618 25 667 81 168 78 147 69 19 48 45 70 78 9 39 7 238 51 182 28 225 29 172 57 68 25 127 83 204 91 174 9 11 40 188 55 197 50 128 23 117 13 7 81 98 8 133 59 87 40 160 9 157
-2147483617 25 819 14 174 89 207 67 118 18 98 65 149 68 93 7 97 60 58 94 244 58 201 21 5 90 196 72 12 19 134 58 35 18 139 55 12 93 30 16 148 13 38 93 211 95 105 74 166 78 22 31 39
-2147483616 25 747 45 224 1 174 5 22 17 104 76 80 91 106 75 106 17 35 84 12 92 134 8 49 97 100 67 133 75 204 17 57 48 143 91 215 33 219 47 168 51 193 5 81 24 219 64 119 17 60 98 189
-2147483615 25 804 21 44 78 86 63 170 51 212 18 233 95 22 27 54 15 1 62 134 86 58 61 102 79 121 13 220 81 185 65 26 58 127 67 38 88 106 88 216 42 70 65 225 6 73 54 78 42 210 15 134
-2147483614 25 843 26 44 76 21 91 34 34 201 20 82 48 113 37 90 66 98 98 56 81 177 35 193 52 124 60 25 74 144 54 117 87 1 32 147 68 177 7 59 29 229 100 212 76 134 26 33 35 16 93 47
-2147483613 25 789 40 195 40 187 99 93 69 242 93 93 84 29 69 94 22 59 35 208 41 241 60 241 38 69 12 65 49 76 46 158 83 238 94 8 32 91 55 11 38 162 34 161 30 8 57 100 83 113 13 107
-2147483612 25 769 76 61 72 184 75 112 11 126 15 242 80 6 44 113 46 249 86 8 31 129 74 206 98 17 72 156 16 181 66 49 63 1 65 28 10 197 9 71 12 228 63 75 46 99 52 59 14 44 86 66
-2147483611 25 652 6 35 6 112 17 54 95 210 24 193 15 110 45 21 84 110 7 239 25 31 51 228 65 86 9 217 30 120 14 52 91 141 35 94 43 175 87 39 82 118 94 210 85 64 19 210 6 93 53 34
-2147483610 25 792 74 10 30 97 67 143 37 206 53 80 100 81 83 242 9 174 93 181 30 221 43 238 47 89 86 47 43 221 25 98 57 210 89 33 86 152 55 35 27 49 15 247 10 20 46 209 64 240 52 151
-2147483609 25 825 91 60 75 175 88 62 49 179 62 120 82 167 81 81 88 209 72 193 68 238 28 174 52 82 22 203 46 210 18 33 65 144 32 28 64 25 48 182 25 218 19 231 89 181 22 99 3 138 87 82
-2147483608 25 762 100 229 57 77 68 146 78 142 50 57 37 41 29 152 2 67 41 96 96 169 29 153 20 217 51 190 9 31 66 182 89 130 5 50 66 22 92 1 30 194 98 136 59 219 45 221 21 166 33 235
-2147483607 25 756 6 146 58 130 77 116 86 204 86 33 64 182 18 131 5 207 94 55 60 67 54 49 12 42 64 197 10 82 92 42 4 245 77 93 29 53 12 64 34 157 60 12 80 10 96 200 75 105 8 224
-2147483606 25 860 24 1 22 71 59 153 80 219 5 182 68 29 73 155 76 190 56 247 98 33 87 79 87 66 15 125 77 213 64 133 37 204 48 222 10 229 86 172 85 133 98 153 29 226 55 195 5 113 90 43
-2147483605 25 826 43 143 24 172 12 140 4 248 72 100 25 168 86 204 76 27 54 41 99 213 16 225 73 107 42 12 97 131 97 210 36 31 3 173 85 202 95 241 11 3 96 120 86 46 28 1 33 216 85 110
-2147483604 25 859 69 66 81 237 50 97 31 92 27 83 28 114 76 76 94 142 94 199 80 247 24 134 50 28 45 132 83 223 20 91 52 197 98 18 28 157 84 128 64 61 63 166 16 221 27 151 80 156 69 228
-2147483603 25 717 5 118 84 196 90 6 53 50 4 43 29 94 95 19 83 53 43 44 5 83 97 2 44 164 22 144 24 84 44 182 61 186 99 228 6 87 27 144 44 121 78 109 78 55 44 226 1 28 35 90
-2147483602 25 693 7 222 82 90 73 165 7 95 64 38 13 221 56 12 78 107 68 10 79 23 15 188 4 99 40 23 5 13 43 113 58 156 46 143 51 238 94 85 98 17 7 216 82 117 21 199 30 48 35 57
-2147483601 25 805 80 96 42 24 99 146 94 187 28 174 34 197 21 228 67 107 47 247 66 244 88 135 27 140 36 22 94 138 69 246 38 120 17 198 8 79 51 33 49 75 47 66 100 162 56 5 65 83 20 229
-2147483600 25 720 18 210 66 242 45 191 76 5 89 233 19 181 45 195 10 47 12 134 45 142 36 244 20 138 17 51 93 89 95 250 88 26 60 51 38 216 56 41 10 164 66 81 64 161 19 101 39 230 74 81
