2147483647 25 1256 8 92 99 67 89 151 74 157 100 152 97 226 76 163 68 208 97 14 100 93 98 238 100 5 68 97 99 111 100 127 63 31 99 173 98 182 97 186 61 75 85 5 97 141 60 28 99 228 62 199
-2147483648 25 1408 88 172 95 117 100 117 100 119 61 113 70 156 99 227 100 245 97 2 100 78 100 140 97 97 98 18 99 19 98 229 99 208 99 122 100 118 96 68 100 104 70 110 100 138 97 91 85 73 100 78
-2147483647 25 1213 99 142 100 85 73 83 48 211 60 137 26 42 84 169 39 145 99 204 100 40 100 106 99 76 86 10 2 81 100 250 87 26 79 117 100 58 88 7 100 34 90 49 91 96 98 78 74 74 100 7
-2147483646 25 1266 100 131 56 119 93 189 96 91 99 79 90 3 100 111 60 29 98 76 83 167 24 123 100 60 63 248 98 186 99 204 97 18 97 84 75 46 47 226 89 55 97 113 92 114 80 80 81 98 97 248
-2147483645 25 1023 100 41 98 214 29 86 100 86 66 232 91 188 99 23 34 202 100 136 16 245 49 44 95 103 17 5 100 32 53 209 46 57 13 105 35 202 100 220 93 49 99 14 51 57 50 153 94 101 78 229
-2147483644 25 1164 100 26 57 41 79 77 59 181 27 136 95 105 100 2 100 135 97 120 100 241 99 187 64 218 24 72 97 123 78 195 80 2 94 32 47 150 7 157 96 194 79 70 73 22 95 65 99 171 95 196
-2147483643 25 1274 100 223 85 55 67 85 96 136 79 33 57 145 99 6 72 166 100 58 91 83 93 71 97 128 81 109 69 70 99 238 94 14 17 148 95 110 98 195 87 180 86 163 93 1 69 229 100 239 100 152
-2147483642 25 1036 67 178 48 205 32 71 91 155 99 45 100 183 100 85 51 242 69 206 89 222 51 1 6 104 73 55 19 3 99 248 95 13 100 47 57 184 93 143 58 72 89 233 53 148 94 72 12 2 83 222
-2147483641 25 1315 64 42 100 152 96 56 93 106 97 76 57 227 99 145 57 139 92 90 92 196 99 13 98 64 90 220 97 89 91 34 75 3 88 131 100 40 97 240 70 218 100 96 93 55 66 227 96 156 86 24
-2147483640 25 1332 84 197 100 17 94 125 91 85 82 178 97 185 83 91 100 230 65 238 73 184 100 235 98 113 88 105 100 4 100 48 100 120 85 44 99 47 94 223 42 215 100 128 95 66 62 171 92 233 96 64
-2147483639 25 1066 99 59 34 136 80 92 100 27 2 233 59 202 98 202 95 15 21 46 2 140 98 80 100 234 86 72 91 215 99 53 99 8 60 115 80 17 100 160 86 198 99 66 89 188 30 53 68 99 3 61
-2147483638 25 1154 59 236 100 104 100 162 99 245 54 9 97 90 15 87 97 71 5 147 20 234 30 194 88 247 83 48 96 29 99 86 89 198 71 24 55 79 100 116 98 91 87 31 100 212 99 54 83 89 100 204
-2147483637 25 1338 86 15 96 193 95 209 100 25 92 186 21 56 99 154 75 38 78 118 98 202 95 144 100 115 100 237 100 143 36 77 99 82 99 164 100 171 75 231 100 154 100 237 99 244 100 163 89 71 99 36
-2147483636 25 1027 3 81 100 100 67 226 100 49 94 59 97 228 28 203 35 32 34 113 12 146 100 243 44 86 94 202 99 206 16 229 100 54 5 155 81 131 96 84 100 213 100 212 37 16 93 160 79 196 99 76
-2147483635 25 1245 100 155 11 161 78 91 99 221 99 57 98 77 97 99 100 36 97 170 33 230 50 17 97 230 97 244 100 89 97 40 69 208 55 209 91 152 100 224 84 70 100 56 100 23 32 184 97 71 94 232
-2147483634 25 1259 99 222 80 229 91 182 100 236 86 140 91 37 57 83 95 58 99 182 60 212 98 67 83 126 77 113 38 149 31 104 97 212 95 83 100 75 84 129 98 43 90 137 97 130 88 236 100 164 65 3
-2147483633 25 1158 92 43 69 224 65 91 93 4 85 103 23 23 6 185 100 168 48 125 40 203 100 153 58 86 89 185 100 119 100 188 93 242 57 123 90 24 97 96 90 250 100 103 98 213 88 37 95 32 54 4
-2147483632 25 1135 66 146 97 137 81 18 43 157 66 82 81 149 100 6 86 200 55 238 12 182 100 230 99 218 28 192 88 79 100 29 97 168 86 2 44 114 99 34 4 3 87 249 99 246 99 127 81 101 95 132
-2147483631 25 1326 99 198 92 117 100 54 73 89 95 229 99 66 85 29 33 228 95 81 86 26 62 59 98 54 99 192 98 133 96 186 81 60 92 37 80 84 100 9 99 246 82 206 98 13 85 221 86 84 98 114
-2147483630 25 1187 100 76 97 145 100 232 4 164 91 224 100 46 99 179 100 15 27 86 91 197 98 215 87 76 99 179 87 8 86 185 91 48 99 113 82 52 43 128 80 240 97 155 99 199 2 155 20 65 100 40
-2147483629 25 1159 77 79 48 160 97 132 34 155 89 146 99 56 44 52 100 221 20 229 100 221 98 70 99 245 5 10 100 3 96 250 55 107 97 55 100 121 47 185 99 33 84 117 98 43 85 65 61 80 100 88
-2147483628 25 1281 93 18 75 203 96 45 64 247 89 23 98 208 68 80 99 232 98 76 99 88 99 91 85 89 73 189 98 199 88 189 93 4 96 165 62 174 87 202 93 190 84 80 51 117 83 139 73 200 92 153
-2147483627 25 1209 50 56 93 200 21 19 35 116 19 147 98 235 99 17 99 133 95 143 98 146 100 83 30 62 65 170 89 72 76 175 100 27 100 246 94 95 61 25 98 143 99 10 99 57 100 86 98 166 100 110
-2147483626 25 1290 92 232 96 233 83 83 67 43 87 143 69 215 89 198 100 189 98 70 100 181 99 196 99 217 72 129 75 114 47 82 89 13 81 136 87 167 99 113 39 89 100 112 84 125 100 53 100 152 98 90
-2147483625 25 1231 82 54 100 232 81 131 32 95 83 66 86 26 99 112 98 203 93 175 100 155 92 12 49 237 90 163 92 121 97 249 100 174 16 217 96 9 79 144 85 168 42 129 98 209 85 114 79 190 99 37
-2147483624 25 1206 96 228 90 122 100 194 89 96 99 48 25 226 97 14 100 188 99 223 97 238 42 225 86 249 97 250 98 182 99 221 33 35 87 58 74 75 44 22 100 129 59 185 96 9 28 233 84 195 92 33
-2147483623 25 1051 1 206 100 166 96 232 91 38 27 132 4 175 100 198 95 107 100 167 98 209 49 211 15 231 100 41 94 220 71 245 100 26 87 59 3 198 86 249 98 83 100 32 97 120 26 186 29 239 86 169
-2147483622 25 1267 87 175 93 88 72 31 99 7 78 51 100 172 68 92 91 65 94 84 99 10 88 117 98 147 93 114 97 15 53 65 76 182 82 200 98 139 93 220 80 232 96 183 2 177 99 146 100 50 76 109
-2147483621 25 1287 96 214 99 164 70 76 49 143 93 101 100 220 99 45 93 54 78 170 71 136 84 116 98 118 100 158 81 57 92 232 99 246 95 217 99 188 100 235 51 153 79 233 89 76 42 196 94 233 95 111
-2147483620 25 1088 79 39 45 65 54 204 7 132 14 129 93 95 81 193 24 87 77 108 99 38 100 200 90 11 100 13 14 40 97 48 83 7 63 201 99 4 100 8 94 197 6 71 98 26 100 110 98 41 99 108
-2147483619 25 1193 90 57 59 202 85 231 99 198 99 99 17 7 71 147 100 104 100 70 28 3 97 139 100 5 94 59 25 173 99 11 54 81 100 22 62 70 84 66 94 48 83 71 77 177 84 76 88 245 100 153
-2147483618 25 1249 100 14 92 47 98 174 40 203 63 226 99 145 97 93 99 77 76 153 92 187 75 86 81 122 82 150 99 123 83 202 98 89 53 14 67 27 100 19 100 193 10 101 94 39 99 169 100 18 86 180
-2147483617 25 1327 100 149 100 97 96 67 84 2 60 47 92 176 99 165 97 78 65 14 100 58 95 110 100 100 79 6 100 81 100 13 100 86 9 23 91 94 69 48 100 192 97 148 100 92 83 138 97 204 100 218
-2147483616 25 1272 97 49 100 21 98 91 1 250 90 204 91 171 83 218 99 47 100 111 100 121 45 95 79 41 98 125 100 84 100 177 14 13 98 178 99 83 86 191 60 80 99 153 98 57 100 48 96 189 89 148
-2147483615 25 1378 71 165 93 197 73 99 96 12 94 226 79 196 98 175 98 201 100 148 86 87 100 95 95 133 93 202 100 20 97 112 94 179 85 248 66 233 91 144 98 227 98 204 97 245 99 102 97 7 100 50
-2147483614 25 1186 100 171 91 15 100 10 38 143 100 202 100 110 87 164 93 114 93 50 99 242 24 141 97 42 82 239 6 64 22 100 56 151 95 161 98 160 100 152 100 161 96 136 90 2 96 91 44 143 71 149
-2147483613 25 1360 98 51 61 9 97 65 98 183 100 181 96 212 100 190 88 172 67 160 85 243 83 30 95 68 75 36 92 42 100 81 82 213 97 166 99 172 89 208 87 57 97 34 96 93 100 23 91 134 94 236
-2147483612 25 1348 85 10 69 97 100 36 96 110 99 167 100 200 100 145 97 77 99 68 97 129 100 76 4 17 92 99 100 144 99 108 69 75 100 159 98 173 97 45 90 176 96 84 97 53 75 102 88 9 100 141
-2147483611 25 1286 99 97 100 152 99 23 100 62 93 77 98 223 99 10 99 186 100 82 93 165 5 238 90 163 91 73 79 202 83 147 79 183 86 6 99 84 100 171 47 117 62 77 69 192 100 164 75 134 99 14
-2147483610 25 1242 96 43 100 203 93 229 92 16 71 37 100 31 88 138 98 5 94 215 81 94 99 80 39 26 53 147 97 133 95 116 100 230 36 145 95 22 12 103 75 239 84 154 98 36 100 166 99 218 76 26
-2147483609 25 1116 89 76 90 36 56 51 92 153 84 28 82 137 100 202 88 148 99 35 33 82 79 10 32 126 99 21 61 87 99 100 86 46 20 163 92 130 79 222 95 31 100 56 1 113 100 137 98 149 6 221
-2147483608 25 1245 99 204 83 193 37 47 73 184 35 128 96 219 60 82 100 177 79 33 72 84 100 113 98 5 100 162 68 187 97 124 59 45 93 168 99 169 91 69 99 181 95 100 97 217 100 8 77 150 68 74
-2147483607 25 1081 67 200 7 52 99 221 100 136 100 7 100 53 91 181 88 49 88 185 15 24 48 193 100 136 48 13 100 50 44 61 74 211 8 99 62 177 99 221 89 194 39 19 51 79 98 229 88 88 100 176
-2147483606 25 1319 23 139 97 101 42 164 86 203 82 167 99 105 97 223 100 192 100 40 93 177 100 123 95 154 100 80 99 44 100 247 100 174 90 205 99 245 86 36 96 71 96 115 63 210 71 212 91 153 94 38
-2147483605 25 1339 98 208 100 229 77 228 92 163 95 124 100 34 85 113 100 24 100 106 98 165 91 164 44 201 93 100 98 70 94 231 94 125 100 30 88 98 58 113 98 3 70 221 93 52 80 82 94 217 92 116
-2147483604 25 1260 99 26 98 152 96 24 42 55 95 247 20 179 93 10 40 220 100 178 94 129 86 126 90 32 90 241 94 141 100 64 78 192 40 223 87 49 92 121 86 7 100 8 97 146 84 147 100 84 99 186
-2147483603 25 1189 87 88 99 19 80 3 100 180 82 57 55 171 24 217 90 106 46 107 81 173 69 46 35 9 99 142 93 87 100 50 95 147 66 182 93 134 72 131 78 103 95 64 47 197 98 64 100 55 98 56
-2147483602 25 1186 100 133 89 117 100 108 100 125 100 67 100 32 2 233 96 210 53 163 97 19 74 186 100 16 40 121 99 116 96 168 100 100 99 17 97 117 73 123 13 60 51 228 88 88 40 196 84 233 86 246
-2147483601 25 1334 90 250 92 216 100 205 100 242 85 2 65 186 100 32 46 95 82 2 95 139 79 194 100 121 77 131 100 30 100 36 100 112 55 121 87 120 98 175 89 182 94 35 100 11 100 57 100 222 90 105
-2147483600 25 1164 99 98 78 169 90 172 9 107 100 170 5 191 91 245 79 64 100 161 100 159 91 88 59 168 67 131 96 142 88 233 90 181 100 211 73 48 91 47 99 70 67 113 99 109 25 64 50 172 94 29
