2147483647 25 874 57 342 36 402 58 386 4 122 36 389 99 48 68 9 83 373 77 216 48 97 61 383 13 220 9 215 92 356 88 89 88 201 96 104 34 239 9 170 81 199 25 353 55 411 81 166 74 254 85 99
-2147483648 25 796 78 203 7 406 94 71 38 383 95 116 5 372 71 1 6 19 54 66 42 150 59 297 12 60 58 413 51 141 49 157 53 116 80 269 16 332 76 242 59 317 80 285 53 223 64 264 54 74 74 430
-2147483647 25 663 50 143 62 275 46 84 53 429 50 4 30 12 27 45 63 191 84 170 96 190 8 339 6 274 25 310 20 352 86 416 74 156 25 157 96 312 54 218 65 13 50 425 6 340 5 305 18 395 6 62
-2147483646 25 749 30 60 89 158 74 61 4 420 92 400 86 294 24 44 1 86 79 240 68 195 57 73 38 278 92 189 30 43 30 156 24 267 48 54 95 97 26 441 15 77 87 2 83 46 11 371 30 401 36 434
-2147483645 25 634 33 413 13 316 54 19 12 372 14 186 17 164 1 291 49 426 87 332 93 5 91 357 2 329 90 52 56 84 1 409 15 148 83 122 3 162 32 67 19 201 57 160 81 255 100 132 52 388 3 197
-2147483644 25 821 88 422 23 398 67 56 100 99 31 1 13 205 34 429 73 162 32 17 51 224 49 31 86 131 64 383 59 65 72 276 58 262 55 364 47 97 93 208 44 107 47 252 69 358 52 187 16 370 46 298
-2147483643 25 740 32 420 73 76 23 163 2 363 51 329 42 38 32 435 90 350 18 369 24 275 6 317 17 336 50 306 16 294 50 275 32 368 55 19 99 344 41 2 57 409 74 445 100 20 96 397 83 59 71 27
-2147483642 25 830 75 341 77 409 51 116 59 297 91 39 27 100 91 365 27 401 58 301 90 66 58 282 14 255 67 38 45 221 22 67 55 431 91 139 87 183 57 203 7 214 54 151 70 199 15 432 33 325 63 100
-2147483641 25 695 87 91 85 449 77 233 9 98 1 134 37 250 26 122 87 53 68 193 57 333 91 47 8 270 55 99 56 394 94 84 10 362 39 425 81 71 46 398 38 210 18 332 2 195 1 397 55 307 31 53
-2147483640 25 765 42 95 23 222 81 345 72 165 64 293 56 332 46 423 68 116 10 63 14 210 61 144 21 281 76 95 51 136 90 365 42 140 3 288 81 373 41 232 20 21 17 336 79 279 69 207 88 351 60 7
-2147483639 25 805 25 91 34 203 83 40 66 148 39 248 14 363 86 72 45 298 99 383 18 83 90 154 93 305 96 276 14 377 40 331 86 287 94 84 9 343 28 336 9 298 30 103 47 70 39 411 82 169 77 447
-2147483638 25 716 56 297 34 219 34 132 10 212 13 221 21 442 13 64 17 97 91 198 96 447 11 115 22 256 41 273 49 102 98 110 22 242 91 248 3 106 85 55 71 438 62 410 96 334 6 55 96 430 56 412
-2147483637 25 822 95 298 17 74 23 261 77 320 81 337 96 10 29 384 58 138 9 188 43 358 39 18 71 155 78 341 47 331 72 11 65 296 69 369 83 411 40 266 63 90 34 259 23 280 43 358 93 232 22 160
-2147483636 25 865 31 271 40 6 95 79 77 184 91 216 44 251 14 52 38 431 3 347 55 293 98 398 23 87 51 293 99 195 17 89 79 214 80 83 49 334 36 116 15 120 74 261 83 392 70 89 83 324 97 168
-2147483635 25 828 37 422 26 268 13 342 25 52 20 185 32 441 89 50 17 168 86 234 63 450 79 165 58 273 24 122 81 28 100 346 44 162 71 310 96 376 45 89 96 288 61 119 62 223 38 351 87 101 30 223
-2147483634 25 736 23 36 87 361 69 43 8 219 16 28 26 267 43 432 28 169 80 328 58 336 37 81 1 443 68 172 77 243 61 27 4 372 14 403 63 371 100 314 31 67 76 253 74 81 53 9 56 142 75 57
-2147483633 25 622 6 50 31 31 10 440 45 385 52 24 92 249 88 24 45 228 88 197 21 83 59 433 75 147 15 120 35 313 58 41 82 288 21 57 71 133 11 70 15 279 21 29 18 39 12 279 60 445 6 357
-2147483632 25 680 18 289 76 412 97 403 18 140 60 342 40 185 40 271 54 48 90 287 27 20 26 211 11 193 56 100 5 65 21 46 94 172 75 311 30 319 59 214 2 79 24 189 59 285 2 54 74 411 76 449
-2147483631 25 737 96 6 47 29 44 8 29 219 16 223 59 43 88 148 79 77 4 167 65 25 55 395 48 59 51 222 25 111 41 3 25 163 2 318 43 206 73 320 95 398 21 238 98 36 86 344 25 403 14 402
-2147483630 25 726 95 305 77 190 81 125 92 26 53 144 7 344 69 37 48 48 54 88 82 216 8 9 1 25 10 390 82 156 76 427 24 319 63 3 13 195 29 20 49 362 37 249 57 20 64 17 15 77 24 434
-2147483629 25 729 65 139 99 296 37 37 53 81 43 127 13 298 99 339 67 53 19 427 16 303 76 235 23 144 57 386 36 321 3 265 68 305 90 298 34 116 75 386 44 76 14 253 83 56 32 224 24 224 45 180
-2147483628 25 772 17 89 93 178 52 219 26 392 20 125 46 394 96 160 54 129 62 124 15 21 45 125 61 123 41 415 77 289 42 95 4 265 41 433 99 415 45 105 80 290 51 113 52 208 61 23 75 97 33 400
-2147483627 25 696 26 346 17 390 4 256 79 363 21 92 2 112 80 191 21 348 35 295 1 62 30 231 39 366 98 446 87 325 21 86 61 209 96 349 34 449 35 53 81 248 33 370 80 50 25 3 89 266 66 399
-2147483626 25 697 73 430 40 51 77 168 11 284 10 139 82 317 78 350 48 47 78 369 22 260 37 243 40 75 66 290 18 240 24 374 42 432 79 369 8 248 20 79 19 128 49 1 99 115 78 209 36 249 29 260
-2147483625 25 611 13 294 12 238 82 345 18 446 30 182 82 324 37 272 54 196 16 328 61 152 2 42 34 450 35 52 47 317 67 336 29 359 40 179 33 99 17 224 21 208 91 13 19 119 64 324 70 354 45 139
-2147483624 25 722 13 207 41 206 46 337 58 414 46 108 67 330 4 29 13 163 29 131 86 221 76 342 52 421 3 67 66 325 94 45 4 25 56 194 52 7 18 39 94 283 33 269 36 163 66 220 73 424 78 262
-2147483623 25 598 44 239 34 427 47 164 10 53 9 15 22 52 9 348 55 270 79 326 69 323 36 5 32 320 38 438 20 43 92 440 68 155 51 6 30 438 38 176 9 208 43 137 58 228 8 55 11 388 85 356
-2147483622 25 850 58 88 81 402 91 78 87 46 27 351 8 423 13 263 96 188 56 149 81 290 79 102 95 165 74 11 49 377 89 149 63 209 53 194 36 194 61 101 54 391 1 274 81 57 20 343 55 337 9 156
-2147483621 25 480 40 396 58 153 25 136 37 330 14 112 7 346 72 264 20 31 2 360 29 246 67 131 16 214 42 157 24 432 10 146 31 219 21 394 83 202 18 85 19 143 44 110 9 66 83 127 22 380 8 226
-2147483620 25 717 40 336 80 246 22 94 90 205 17 445 78 212 48 442 35 135 43 236 49 275 84 415 86 416 7 307 21 125 53 129 78 413 4 257 47 113 78 160 71 425 35 217 42 367 47 342 12 401 29 271
-2147483619 25 717 51 55 53 159 5 266 4 113 87 252 54 291 48 255 22 421 82 447 29 234 94 284 1 158 45 208 12 252 36 177 17 385 52 308 21 253 28 108 82 63 80 156 79 123 92 450 21 328 100 224
-2147483618 25 753 25 418 13 112 28 257 71 176 14 29 79 131 92 134 98 56 86 111 37 302 39 72 2 77 44 418 17 288 66 72 14 406 9 119 15 165 84 386 76 434 92 243 26 377 84 103 96 313 48 145
-2147483617 25 811 37 387 49 171 3 411 31 89 56 433 36 310 87 200 96 5 81 354 87 255 75 355 11 2 63 423 24 262 64 318 91 448 57 173 38 267 30 306 79 382 65 65 54 227 59 220 52 179 28 172
-2147483616 25 745 97 10 17 30 3 357 1 116 38 286 97 125 63 238 66 2 12 430 69 409 81 146 6 152 83 288 83 153 4 43 72 449 12 400 7 65 68 30 41 24 70 164 33 148 90 445 34 5 95 6
-2147483615 25 793 92 335 34 436 8 73 61 406 50 290 100 98 65 52 11 317 26 353 77 297 84 211 3 74 80 411 16 57 93 43 14 378 84 214 81 412 64 187 82 60 6 367 35 314 93 204 40 84 24 76
-2147483614 25 744 85 33 64 390 24 194 78 175 56 314 49 313 54 144 17 154 24 362 76 23 94 366 87 129 51 357 74 410 98 439 8 371 5 321 69 127 15 209 67 314 17 68 40 314 47 253 4 316 37 358
-2147483613 25 814 75 135 61 276 59 54 41 146 3 173 30 48 21 154 82 403 63 432 36 131 66 234 44 22 22 409 61 116 61 439 6 161 28 297 98 387 78 170 19 362 76 215 91 435 82 327 86 199 69 98
-2147483612 25 745 74 153 74 77 39 429 8 449 21 309 98 118 5 110 92 7 11 314 40 127 51 68 76 185 12 260 14 440 2 370 20 337 17 419 92 247 89 449 55 42 69 232 36 328 76 123 75 388 97 60
-2147483611 25 631 15 211 29 406 88 180 48 7 38 224 84 256 25 448 50 75 55 172 17 40 48 381 61 372 58 164 10 142 23 30 45 165 54 329 27 187 13 336 43 228 25 119 8 220 26 258 66 361 96 367
-2147483610 25 696 89 193 66 221 26 105 86 159 55 35 42 447 45 430 73 319 37 383 46 359 36 314 6 194 19 143 1 378 12 430 66 2 39 141 50 287 55 157 99 41 43 185 9 390 37 362 58 329 66 13
-2147483609 25 874 53 5 73 264 44 409 91 199 75 8 40 180 3 351 72 233 42 116 87 183 35 130 82 194 16 81 24 328 91 400 76 197 90 216 3 152 39 416 78 61 95 79 54 433 96 110 48 167 51 154
-2147483608 25 837 78 382 63 267 28 352 78 230 51 307 40 118 12 133 75 63 64 58 7 186 27 1 59 357 97 244 4 198 92 242 78 310 39 184 28 298 19 23 17 314 74 256 96 382 87 315 99 223 83 21
-2147483607 25 810 91 39 5 222 88 4 4 412 45 425 46 102 64 378 64 410 50 370 97 301 52 312 24 216 54 44 18 236 60 2 57 224 9 278 99 436 63 10 89 33 97 152 30 268 18 420 51 303 76 211
-2147483606 25 727 35 123 16 260 76 315 68 418 23 119 94 357 77 9 41 338 99 15 78 392 11 331 21 183 33 172 34 376 6 41 31 178 37 208 98 52 16 290 5 172 91 438 18 301 100 262 42 441 62 85
-2147483605 25 693 86 324 93 26 13 114 44 208 9 221 56 176 89 412 86 385 3 6 50 33 40 184 5 255 8 17 15 223 2 342 69 390 48 273 93 272 86 163 7 425 86 278 34 331 54 83 60 253 20 41
-2147483604 25 702 64 265 50 305 16 258 72 135 7 328 6 337 60 242 36 234 14 94 88 92 16 329 82 218 47 158 67 25 92 389 15 245 46 289 22 273 22 420 91 125 67 433 3 115 50 170 78 287 59 295
-2147483603 25 804 84 332 39 297 23 382 1 401 91 414 76 23 47 93 69 307 82 406 62 322 18 123 68 92 53 79 59 137 81 75 96 292 91 154 31 55 19 143 2 42 24 344 15 315 97 375 39 352 74 448
-2147483602 25 799 50 411 27 78 12 359 35 315 10 70 87 25 81 345 40 50 89 263 43 405 68 298 67 369 37 285 66 334 42 174 74 409 30 1 9 187 80 192 12 404 59 441 96 173 75 157 50 285 94 415
-2147483601 25 744 54 274 59 88 43 425 83 36 69 108 47 189 15 344 43 103 18 99 66 132 12 106 28 30 62 7 42 52 65 155 4 80 96 279 38 172 57 90 47 112 44 417 67 265 69 40 82 390 31 212
-2147483600 25 726 16 189 71 193 49 146 45 404 44 40 25 213 27 88 10 287 58 295 84 16 91 124 96 256 87 292 66 305 52 433 15 303 39 383 10 390 18 244 77 275 64 2 9 404 20 78 54 348 83 167
