2147483647 25 874 26 93 81 307 51 287 98 164 44 65 34 46 9 291 91 111 55 78 49 298 94 62 53 81 58 230 89 177 59 218 72 295 89 180 72 138 34 244 86 268 88 70 90 339 3 282 29 201 3 269
-2147483648 25 624 43 335 95 334 19 182 61 25 3 69 70 257 4 202 25 265 97 203 46 290 35 116 3 84 30 19 5 203 63 24 35 18 3 103 1 73 82 214 28 292 81 340 57 295 55 284 60 181 39 17
-2147483647 25 736 35 257 38 128 97 237 42 4 26 16 8 211 10 34 90 33 31 248 71 204 54 178 56 36 36 34 92 333 62 106 100 334 4 132 32 1 6 258 2 107 78 31 91 305 19 282 97 172 51 234
-2147483646 25 725 8 17 18 218 15 184 72 23 48 115 37 165 29 140 85 210 41 314 34 146 21 40 51 39 99 241 92 332 18 148 62 87 47 276 87 217 32 206 69 276 92 17 26 69 45 37 80 298 1 44
-2147483645 25 775 27 72 24 268 32 78 46 79 17 221 65 273 88 41 57 262 74 309 34 147 67 87 47 325 45 320 4 82 77 12 36 9 24 209 79 193 82 85 78 344 88 148 77 263 54 116 50 96 21 291
-2147483644 25 884 70 307 8 55 81 182 7 292 76 290 87 39 86 36 71 225 66 183 89 149 51 265 85 94 51 135 60 2 66 282 84 123 69 320 51 170 43 201 32 63 41 65 29 89 29 349 90 328 52 273
-2147483643 25 750 37 8 54 74 29 15 60 311 5 89 70 309 61 131 80 38 86 78 69 61 41 29 36 243 34 225 69 81 58 72 1 330 23 190 15 182 59 261 41 221 100 33 52 210 47 108 71 114 53 135
-2147483642 25 789 50 326 47 299 63 281 50 109 4 27 52 14 2 260 59 58 26 58 91 232 80 317 76 108 51 79 62 73 55 50 60 15 8 21 90 244 87 138 1 313 47 183 94 169 27 180 65 183 68 195
-2147483641 25 666 19 166 46 330 79 337 17 138 17 249 54 267 76 213 83 227 31 239 4 109 58 178 83 178 99 32 3 223 62 245 20 279 18 228 74 334 62 315 35 274 61 309 55 126 49 127 1 278 5 17
-2147483640 25 546 11 217 56 327 13 190 3 53 18 223 85 130 44 7 3 59 98 222 7 111 42 237 20 334 4 241 32 16 48 126 10 204 98 226 52 37 19 189 26 128 18 36 74 213 12 265 78 32 39 295
-2147483639 25 637 41 280 52 212 76 194 30 23 60 270 43 241 36 141 34 304 51 182 41 266 89 203 86 217 19 343 38 336 7 267 81 167 56 112 8 109 88 130 38 165 14 280 16 173 21 171 36 247 1 268
-2147483638 25 880 47 311 35 113 51 185 31 309 49 130 65 102 85 71 61 324 52 169 30 312 96 152 69 38 93 312 60 100 60 210 5 21 49 137 39 348 92 239 88 142 6 181 70 315 72 107 83 82 79 42
-2147483637 25 799 13 258 56 284 85 168 71 153 77 104 4 284 36 183 21 258 52 42 42 137 53 166 91 77 38 220 53 68 86 108 32 343 5 303 79 310 35 172 33 37 79 125 92 50 88 41 88 138 24 104
-2147483636 25 873 79 267 77 242 98 48 32 176 34 61 81 225 16 298 51 330 74 298 44 20 96 77 41 305 36 101 99 83 68 79 54 162 99 105 16 338 44 164 47 269 65 96 41 279 13 321 74 300 77 60
-2147483635 25 871 92 253 39 113 60 263 61 204 99 101 81 182 75 277 82 316 76 89 37 76 2 4 49 151 81 214 35 190 47 40 72 133 84 36 70 150 85 108 1 293 60 285 36 120 61 60 25 125 43 214
-2147483634 25 839 58 155 63 22 88 150 68 77 97 49 34 239 52 59 79 76 60 221 53 211 47 41 42 287 46 7 99 245 38 145 31 331 86 326 1 255 36 238 95 114 82 97 1 118 45 276 56 13 42 27
-2147483633 25 678 64 310 20 20 71 227 8 243 35 157 11 231 40 337 59 139 69 332 8 222 28 312 91 98 23 124 7 273 39 170 86 10 37 16 9 26 70 56 77 15 61 306 70 348 84 101 39 182 24 163
-2147483632 25 781 16 177 36 22 79 204 42 297 36 281 34 75 83 245 26 320 78 333 8 189 100 236 41 242 67 85 98 21 77 74 53 320 72 307 98 175 46 135 35 285 19 238 3 6 38 99 93 52 24 350
-2147483631 25 738 69 78 68 34 92 119 34 311 40 34 10 322 1 285 80 344 32 87 37 231 7 194 34 30 57 250 37 174 87 210 50 192 82 58 65 256 51 342 62 316 8 251 82 29 53 214 7 295 86 151
-2147483630 25 747 50 322 99 293 1 193 55 130 5 143 97 189 96 276 71 209 52 73 58 48 11 226 86 324 73 134 54 277 23 138 22 253 31 72 56 110 76 37 69 281 52 228 34 163 44 15 6 335 25 221
-2147483629 25 816 10 125 28 330 29 1 33 286 80 191 21 4 27 182 22 288 84 339 93 180 77 153 17 38 90 211 16 336 56 140 59 227 76 303 59 13 87 319 86 230 46 22 67 252 58 308 54 143 85 163
-2147483628 25 911 93 216 90 30 73 280 69 306 76 86 28 122 90 10 22 170 7 28 40 322 74 297 98 141 57 195 28 38 97 45 58 310 75 164 97 163 27 231 34 8 91 213 37 279 64 204 28 246 66 236
-2147483627 25 748 62 137 53 209 80 32 16 25 20 41 20 269 100 329 24 340 41 176 63 260 53 186 35 313 33 345 48 213 69 46 28 107 53 281 91 110 90 19 39 31 17 204 86 59 53 32 14 325 60 268
-2147483626 25 693 67 41 30 5 1 218 100 169 23 240 62 178 99 47 31 312 45 71 95 291 29 39 42 50 28 328 24 146 87 289 19 185 94 167 55 332 10 189 43 114 23 15 84 75 18 50 11 217 35 17
-2147483625 25 893 46 221 16 302 78 153 80 2 86 231 84 12 19 270 51 254 72 212 27 52 93 171 19 266 70 127 91 281 99 86 85 152 88 2 30 227 45 33 66 103 75 169 33 327 26 291 66 340 44 323
-2147483624 25 814 12 127 41 107 13 38 67 8 91 227 27 266 8 49 77 132 79 72 47 153 50 76 92 287 15 59 66 283 14 30 73 90 45 48 56 198 25 80 59 54 88 298 92 335 99 236 33 270 88 279
-2147483623 25 615 21 131 2 43 20 57 29 296 97 150 93 245 69 130 84 85 94 28 47 183 24 121 38 50 30 126 82 220 14 243 43 118 7 153 46 91 60 262 11 199 18 11 27 301 41 35 10 118 18 200
-2147483622 25 753 86 144 92 80 56 74 59 129 84 251 7 92 6 45 70 179 39 104 26 172 87 152 52 45 30 322 23 138 26 142 97 39 82 306 34 129 9 324 74 323 65 279 19 243 93 310 21 108 18 163
-2147483621 25 888 80 14 90 111 17 67 24 138 59 171 80 190 60 215 42 327 98 175 86 250 43 175 51 213 20 151 49 139 74 234 86 188 71 266 86 306 95 30 27 186 58 22 8 59 68 170 10 229 99 335
-2147483620 25 606 37 142 46 307 2 226 31 176 5 16 17 316 59 306 66 152 75 213 52 4 14 31 8 72 26 261 70 124 40 236 31 268 8 267 64 32 41 331 59 157 99 265 35 200 63 2 1 132 62 183
-2147483619 25 723 39 262 61 160 96 302 21 225 22 210 32 183 37 139 29 350 49 242 95 27 14 327 84 169 51 162 49 178 84 35 3 78 85 223 68 279 50 308 44 249 48 265 24 294 16 180 84 223 21 273
-2147483618 25 710 72 119 72 191 82 76 1 108 73 295 41 263 7 89 39 260 5 309 63 171 59 35 25 288 94 138 34 270 3 188 56 260 88 92 29 243 48 102 1 71 14 143 96 69 66 118 94 248 22 196
-2147483617 25 720 20 283 66 153 63 208 83 336 37 301 50 320 60 129 18 309 7 229 18 22 86 107 47 282 51 46 15 154 84 125 100 11 17 230 47 277 25 104 75 215 16 86 53 264 62 246 64 236 36 283
-2147483616 25 685 74 73 12 72 2 214 34 54 6 60 52 18 21 236 71 234 47 335 97 75 57 41 46 33 87 24 80 176 75 52 31 167 36 147 69 130 3 6 53 29 19 12 14 136 71 294 6 60 80 6
-2147483615 25 655 39 126 13 294 46 349 91 85 50 226 39 283 13 261 23 282 12 90 82 223 34 3 67 164 40 133 31 157 55 34 47 327 46 207 77 317 59 237 15 31 32 189 90 155 29 42 25 139 38 23
-2147483614 25 770 4 248 8 246 18 163 8 168 92 220 58 131 56 11 97 116 94 193 1 29 64 113 62 186 77 316 65 3 30 7 8 115 73 51 3 316 61 38 39 182 74 335 89 104 99 299 63 322 41 220
-2147483613 25 675 100 14 95 217 57 250 53 75 73 287 24 279 15 337 94 62 87 192 29 86 7 7 20 334 32 64 81 329 11 74 57 35 25 181 72 286 23 85 3 333 6 92 75 73 23 240 39 31 24 234
-2147483612 25 764 34 104 69 187 25 1 72 20 94 286 27 177 92 180 2 222 33 87 88 125 20 327 62 331 15 295 63 184 93 301 20 91 16 307 80 141 88 177 46 286 33 253 32 83 24 118 87 197 59 260
-2147483611 25 769 92 273 68 188 73 286 38 123 35 107 21 186 57 127 41 125 77 99 87 78 10 64 95 146 42 63 76 99 74 117 3 231 12 246 20 292 52 199 19 301 88 138 39 153 76 279 79 181 8 228
-2147483610 25 847 74 62 84 238 59 86 86 119 53 210 68 194 26 275 26 157 62 271 2 281 64 311 20 7 33 331 82 40 47 313 77 69 7 208 88 230 84 257 100 128 34 234 92 206 46 61 4 25 95 18
-2147483609 25 707 87 202 94 22 60 91 1 144 38 164 31 47 67 129 73 190 3 197 28 7 93 213 69 296 20 49 2 81 21 338 28 27 54 77 14 48 48 52 55 297 62 296 99 99 22 248 83 82 27 35
-2147483608 25 648 26 69 71 329 4 316 8 21 14 100 3 145 37 197 63 175 70 38 65 85 96 92 9 328 55 104 65 128 54 319 47 275 11 61 73 51 8 281 21 73 9 79 62 156 79 88 95 169 36 208
-2147483607 25 624 73 109 86 283 25 139 11 311 77 222 80 80 42 316 40 49 5 166 94 87 69 9 48 106 48 90 56 146 74 318 1 161 22 302 27 163 26 130 36 7 1 53 25 147 6 225 56 35 12 174
-2147483606 25 714 35 280 53 286 11 347 8 228 41 285 56 145 28 272 28 189 24 186 91 208 55 319 75 277 33 278 44 310 90 193 39 83 35 316 6 158 90 45 11 105 94 231 72 75 44 346 76 236 52 231
-2147483605 25 739 27 23 57 3 86 313 80 101 78 242 84 55 93 66 6 344 64 333 11 259 25 17 40 337 27 291 95 4 51 163 67 269 53 83 78 134 13 201 67 318 27 178 7 67 70 43 18 117 8 98
-2147483604 25 803 7 113 33 163 29 206 30 81 60 279 70 93 57 78 51 118 61 221 91 95 54 60 78 211 37 165 73 186 81 279 81 306 12 48 34 140 73 222 64 112 44 114 59 348 55 30 33 51 72 83
-2147483603 25 725 42 89 41 67 86 270 67 202 31 163 37 39 34 170 25 237 89 338 31 181 29 259 84 303 74 135 95 22 53 233 30 330 92 248 14 270 48 277 35 272 26 251 89 207 20 46 27 30 10 202
-2147483602 25 772 60 132 32 154 25 18 83 67 12 123 86 144 30 270 12 148 55 209 22 310 38 164 60 90 6 280 39 115 89 169 91 170 86 77 93 34 27 261 29 134 10 49 80 135 91 319 81 158 51 7
-2147483601 25 662 34 308 49 328 14 192 74 183 88 217 1 272 11 301 100 8 96 93 77 84 65 301 38 154 25 101 36 18 74 300 7 26 74 195 1 305 11 261 40 342 37 138 76 162 25 263 49 72 2 88
-2147483600 25 639 45 232 11 288 10 123 11 158 41 297 31 165 92 15 3 325 91 46 68 105 11 12 70 302 50 330 61 343 15 219 24 206 29 119 41 135 70 182 84 32 37 50 57 100 19 206 22 32 72 310
