2147483647 25 660 77 192 26 425 27 419 37 510 78 30 55 108 48 503 91 2 14 292 11 423 26 547 56 516 9 395 36 146 27 70 59 21 48 464 81 405 61 97 67 206 23 116 57 389 13 263 72 140 1 448
-2147483648 25 791 3 142 81 317 20 493 30 303 16 308 68 410 60 83 59 224 89 105 59 301 57 447 76 72 52 485 61 126 14 337 5 88 87 467 74 36 75 15 62 497 59 160 65 101 45 129 59 180 43 94
-2147483647 25 749 88 543 99 348 12 275 52 399 73 357 34 424 81 114 62 298 28 199 57 488 27 85 18 501 34 340 15 510 95 314 10 450 56 43 45 370 58 529 40 168 61 404 8 229 94 381 96 117 6 288
-2147483646 25 669 10 173 68 151 23 8 90 204 94 459 94 19 66 273 12 55 17 378 6 311 100 368 30 36 9 131 76 21 45 444 57 300 13 131 82 191 25 390 72 104 55 362 23 106 16 183 30 177 2 193
-2147483645 25 765 89 5 2 100 8 55 42 456 14 476 64 385 41 416 94 126 11 102 94 451 38 264 48 327 68 346 93 529 95 519 32 459 96 181 2 14 43 238 86 312 30 269 27 389 25 110 94 191 39 480
-2147483644 25 686 17 416 36 354 35 12 28 151 99 121 22 162 6 92 63 37 20 27 50 25 62 438 54 484 51 428 8 242 13 254 32 160 22 364 94 311 69 113 84 366 43 30 96 263 22 319 55 227 63 24
-2147483643 25 777 46 134 84 544 13 189 77 111 79 489 67 52 18 483 76 63 45 241 32 155 11 409 34 34 22 305 64 421 97 148 81 232 52 356 41 349 99 95 84 425 7 273 87 133 38 341 36 450 6 369
-2147483642 25 663 10 87 42 237 22 348 99 472 40 522 13 112 37 351 85 428 28 462 95 59 62 6 61 261 26 537 10 333 80 82 28 489 31 379 32 289 32 167 39 394 26 280 92 341 15 423 40 231 61 190
-2147483641 25 785 53 121 36 69 70 333 11 433 21 491 94 267 78 133 18 55 77 271 41 82 21 359 66 70 28 442 90 367 23 278 2 411 73 202 88 229 98 534 21 100 87 75 67 354 38 461 75 78 33 78
-2147483640 25 717 29 295 80 520 67 36 75 307 74 534 7 410 72 432 12 323 21 46 56 222 27 231 54 512 7 503 77 441 6 52 95 190 63 406 29 161 81 21 85 294 1 502 28 398 70 215 31 494 48 476
-2147483639 25 648 30 406 29 461 67 190 76 239 15 444 53 50 16 87 83 243 45 346 48 165 17 268 22 243 21 500 83 285 81 167 39 58 4 367 95 389 2 381 15 87 50 369 25 358 83 41 10 153 71 315
-2147483638 25 652 58 476 6 434 31 148 70 75 79 277 44 94 61 263 84 301 19 466 24 180 1 406 100 139 39 453 33 265 11 16 6 374 90 63 47 109 39 91 34 93 67 424 34 150 25 96 82 239 3 32
-2147483637 25 939 76 14 80 415 28 101 58 331 67 374 63 395 36 287 84 454 72 117 99 29 39 361 83 396 93 39 90 411 51 502 81 144 94 329 2 117 79 327 82 245 28 243 17 348 97 546 46 374 21 246
-2147483636 25 798 73 322 11 304 31 17 63 108 78 69 11 319 39 25 18 222 26 526 100 39 41 149 52 310 91 259 56 198 15 417 81 484 35 499 44 355 94 29 85 391 18 523 29 310 100 256 97 139 43 530
-2147483635 25 891 33 452 24 458 39 74 31 516 50 249 70 164 34 21 21 419 69 77 82 288 85 544 48 77 56 257 61 284 72 14 48 23 85 391 88 126 85 96 17 186 63 474 64 526 90 461 72 319 98 291
-2147483634 25 850 11 455 52 316 97 38 5 313 59 418 60 34 80 241 78 370 67 339 85 458 96 259 70 322 43 324 43 79 17 220 68 148 23 104 85 104 26 486 76 463 65 193 91 243 79 370 12 250 29 527
-2147483633 25 856 29 132 43 538 83 470 57 136 100 403 65 369 1 479 86 464 6 64 73 449 96 203 17 472 81 524 53 506 41 450 88 380 6 167 67 485 16 128 13 86 97 426 83 531 65 376 81 386 80 295
-2147483632 25 878 52 416 91 374 62 391 64 79 64 20 96 279 73 9 81 216 90 532 63 14 13 323 80 521 56 242 64 199 14 236 90 361 19 440 34 438 51 532 94 77 1 494 65 401 92 251 12 446 43 409
-2147483631 25 858 84 299 33 348 49 485 8 66 25 117 55 76 87 403 94 112 53 246 17 257 59 95 37 127 91 153 69 11 9 59 77 508 65 50 56 77 98 345 26 117 84 445 35 388 55 158 91 38 74 42
-2147483630 25 650 54 175 25 496 55 82 18 129 17 147 35 512 19 545 3 409 13 545 37 214 21 113 20 305 91 405 84 449 81 315 90 188 89 78 25 241 29 231 67 252 69 6 39 481 1 224 62 72 40 542
-2147483629 25 865 52 331 19 393 16 55 46 547 92 141 57 445 60 250 95 461 89 131 26 308 70 519 57 45 82 314 49 238 70 488 42 120 49 334 94 354 71 211 64 341 64 111 43 129 66 207 8 299 62 181
-2147483628 25 828 11 170 28 370 39 48 25 484 52 519 77 515 16 140 55 51 90 136 48 293 87 62 74 162 35 213 67 229 93 156 75 18 59 8 71 539 10 520 86 341 89 343 56 26 88 53 14 425 35 338
-2147483627 25 713 31 114 73 21 50 38 43 93 49 194 45 125 39 22 24 48 2 187 4 483 96 506 50 282 97 208 61 58 15 522 72 250 16 243 50 360 52 503 83 547 27 149 23 357 32 254 74 182 81 421
-2147483626 25 721 21 418 69 389 28 357 9 483 76 128 83 259 69 539 92 97 64 233 9 250 42 195 73 351 1 19 10 405 37 494 50 314 66 101 28 510 84 197 81 323 59 347 6 151 61 533 45 133 40 297
-2147483625 25 870 70 444 90 231 45 492 46 298 63 450 44 71 39 52 32 364 2 80 2 454 73 334 46 433 89 35 76 182 31 81 87 550 96 419 42 218 66 480 94 155 69 207 41 41 47 397 74 269 87 415
-2147483624 25 749 32 328 36 422 39 132 83 75 57 74 29 242 14 129 20 304 63 469 43 312 14 63 95 299 19 225 27 508 90 72 68 116 73 19 98 58 28 443 25 465 94 287 29 41 76 265 63 212 34 28
-2147483623 25 771 96 257 17 491 2 193 31 152 28 109 41 521 41 71 99 211 24 141 19 261 10 70 100 210 20 413 87 454 14 107 88 47 67 22 98 369 39 153 95 364 48 193 61 486 48 324 27 392 85 249
-2147483622 25 766 19 518 58 101 33 428 94 102 61 37 38 263 16 22 52 72 71 497 41 361 57 486 1 94 77 267 76 16 20 332 48 211 55 32 57 477 84 274 5 240 57 236 92 395 47 236 85 97 34 140
-2147483621 25 792 84 493 14 460 7 495 32 454 93 284 43 225 90 534 47 256 84 165 97 488 74 290 32 357 25 430 8 49 96 224 35 433 31 263 63 203 38 518 20 168 46 341 72 196 59 98 82 235 48 430
-2147483620 25 766 32 117 31 345 86 303 41 515 64 200 35 540 15 355 46 425 2 459 72 113 14 94 83 467 53 227 3 190 84 278 13 83 72 239 78 317 99 101 52 343 55 470 61 383 50 33 47 281 90 99
-2147483619 25 736 72 17 35 296 88 481 95 498 22 434 41 191 94 69 78 394 71 421 90 117 39 245 7 545 15 310 5 335 8 519 79 433 98 76 33 468 2 151 76 128 7 90 58 550 29 197 72 544 13 338
-2147483618 25 862 20 279 6 146 50 110 83 301 81 494 49 328 69 253 74 4 31 409 29 36 98 189 23 303 35 284 91 32 51 16 68 387 54 401 97 18 93 436 58 405 70 37 34 206 53 34 39 460 81 364
-2147483617 25 766 90 429 1 70 33 190 65 131 41 81 27 40 85 441 80 449 84 401 61 226 47 165 48 437 68 2 86 30 84 363 72 405 44 395 87 422 7 278 1 255 66 148 54 276 7 184 32 497 7 510
-2147483616 25 835 32 289 23 435 32 494 80 96 96 347 84 366 37 149 39 126 4 245 74 23 91 213 31 243 89 208 78 113 28 461 13 326 37 196 39 375 26 96 86 112 81 378 87 94 96 138 40 547 70 74
-2147483615 25 751 4 331 52 189 5 223 73 450 61 550 66 407 60 11 10 536 71 191 15 306 55 524 25 230 13 110 67 287 20 198 66 125 97 95 57 1 58 159 82 103 29 261 93 485 50 10 86 107 37 2
-2147483614 25 705 75 502 96 545 33 44 19 548 60 211 36 140 61 174 43 98 32 3 47 75 20 416 61 64 64 56 14 271 30 274 50 24 41 249 4 406 53 123 74 72 61 48 39 119 41 446 40 395 82 474
-2147483613 25 844 86 2 62 255 12 140 57 139 75 473 75 133 91 86 70 514 90 122 16 344 36 420 72 404 98 63 55 204 84 196 24 377 36 466 15 263 10 391 73 465 57 262 9 258 64 427 41 289 100 308
-2147483612 25 789 16 191 33 475 9 165 98 343 67 444 98 495 50 186 75 351 82 466 35 298 70 504 2 427 39 357 56 433 18 302 35 178 90 368 19 537 97 89 60 350 97 317 54 254 92 156 10 400 13 246
-2147483611 25 891 27 450 37 156 60 411 94 80 54 58 70 484 43 323 55 338 57 284 78 89 16 410 74 378 21 357 97 168 38 53 75 353 92 62 93 279 86 471 66 215 97 189 28 215 93 451 1 271 34 429
-2147483610 25 585 66 267 53 214 18 402 4 77 4 226 24 432 6 83 90 536 66 414 83 169 15 435 65 228 18 319 24 101 7 311 97 397 5 269 11 122 22 80 36 139 56 328 4 333 75 512 58 221 69 225
-2147483609 25 745 71 454 20 197 24 208 94 259 57 3 4 288 73 47 1 460 31 126 99 366 48 295 26 284 15 2 45 396 41 72 13 61 96 180 47 107 71 222 67 145 41 385 79 73 79 438 97 49 3 522
-2147483608 25 832 76 277 49 7 2 343 2 256 35 230 60 258 53 303 80 548 75 274 40 224 77 443 11 301 94 490 35 497 98 201 86 402 87 184 75 488 96 416 36 164 18 521 77 386 50 309 70 132 6 52
-2147483607 25 802 65 450 90 414 37 459 65 388 74 341 7 323 35 515 92 49 83 482 85 95 18 9 12 517 72 338 50 227 86 307 51 274 38 222 25 407 24 491 45 536 51 283 56 472 45 264 95 149 36 435
-2147483606 25 768 45 290 81 309 47 287 18 531 94 15 53 242 53 494 85 426 64 44 67 44 6 97 60 337 4 23 10 539 32 245 77 415 98 315 32 241 10 269 41 15 52 509 47 21 83 169 82 252 39 262
-2147483605 25 710 54 241 66 71 5 376 17 77 67 264 59 236 24 305 1 301 100 53 4 217 13 301 32 323 59 77 90 217 60 154 88 73 72 287 26 421 21 236 91 476 91 268 30 77 5 163 69 18 40 396
-2147483604 25 674 43 282 27 410 10 467 89 547 25 265 28 63 62 545 64 480 76 461 30 363 71 114 15 548 35 102 30 17 22 376 75 355 20 8 39 162 87 151 29 58 76 309 22 202 56 468 24 168 69 297
-2147483603 25 889 97 216 75 60 39 50 30 374 12 281 37 478 16 307 89 299 86 409 82 76 85 314 70 35 94 137 92 97 56 332 72 285 100 254 63 210 56 505 6 369 43 232 54 320 98 231 13 456 17 516
-2147483602 25 852 97 4 51 366 7 245 92 542 63 257 59 185 99 319 80 334 96 191 53 11 2 523 44 306 54 229 98 359 25 75 60 115 15 54 88 117 55 433 20 90 26 431 50 129 37 163 85 177 65 201
-2147483601 25 725 34 363 32 428 22 465 20 104 50 241 33 49 65 257 19 286 68 401 31 482 90 306 66 215 80 10 69 348 34 181 100 373 99 172 46 111 16 357 40 360 9 394 75 403 19 510 26 474 66 306
-2147483600 25 695 74 300 12 217 94 496 42 341 54 413 95 292 43 514 85 485 14 549 53 290 66 339 25 216 35 233 32 328 29 534 16 11 52 145 42 247 17 453 7 384 58 9 23 550 95 37 89 47 7 226
