2147483647 25 726 60 124 92 130 47 105 96 122 41 148 91 12 29 79 2 129 9 116 6 78 50 28 11 77 94 123 34 123 91 135 17 76 73 13 37 29 79 50 100 28 32 137 26 91 43 41 46 77 4 77
-2147483648 25 580 4 80 70 21 5 95 96 57 45 130 28 93 37 150 71 111 19 73 7 28 67 57 10 139 98 79 20 65 4 35 95 10 77 96 20 121 28 23 19 108 2 70 34 57 46 6 12 97 53 26
-2147483647 25 886 83 29 55 138 12 79 44 46 96 71 54 135 54 45 54 111 11 121 89 43 53 136 75 130 28 31 91 59 85 64 57 102 62 17 60 109 64 5 3 89 51 85 49 7 86 4 79 144 83 101
-2147483646 25 801 25 54 58 149 22 128 20 19 24 6 55 120 72 24 91 46 89 81 34 137 13 126 48 93 89 50 64 100 29 70 34 80 83 136 52 6 76 106 16 149 75 106 79 69 87 105 76 112 24 15
-2147483645 25 806 66 55 94 20 98 122 46 93 48 112 9 121 28 136 72 118 95 70 50 16 46 36 81 37 70 101 94 68 42 27 55 11 54 72 21 78 29 100 14 115 41 32 57 102 12 42 47 9 75 144
-2147483644 25 675 16 30 20 145 44 133 64 57 34 7 56 132 12 14 36 49 61 97 99 111 41 59 95 147 8 10 26 81 12 150 50 42 20 103 24 95 57 131 1 135 92 84 78 5 65 20 36 38 78 52
-2147483643 25 887 99 28 74 140 16 121 100 62 34 17 41 125 39 90 51 93 24 11 49 37 97 60 81 112 44 68 88 119 70 97 13 103 83 130 62 147 67 91 39 1 71 120 84 14 40 51 71 94 42 30
-2147483642 25 743 87 57 60 100 13 4 12 149 82 122 64 142 50 69 81 16 44 70 71 124 47 63 63 45 51 2 64 33 64 8 42 76 43 1 17 83 3 42 54 127 9 27 79 87 64 88 69 11 6 59
-2147483641 25 828 90 78 81 78 82 47 54 69 53 26 51 141 67 140 94 126 48 145 12 3 81 30 20 89 78 124 18 70 90 34 85 119 75 98 31 84 97 126 2 73 1 78 42 102 45 54 51 140 33 93
-2147483640 25 835 95 20 82 21 73 90 97 135 6 129 13 137 66 130 56 145 43 78 81 66 1 122 96 64 49 61 79 149 34 16 61 43 24 65 43 145 3 58 87 13 25 148 100 135 85 83 86 42 7 99
-2147483639 25 748 72 11 47 101 50 142 8 42 94 62 39 82 70 94 98 17 59 150 50 67 9 112 43 12 64 42 63 74 56 105 15 41 78 92 94 41 56 3 55 74 43 140 4 19 56 1 24 21 1 110
-2147483638 25 688 59 13 48 2 17 17 29 119 61 127 49 113 12 39 36 8 53 137 7 11 41 75 100 66 62 83 44 128 69 66 59 41 53 8 29 104 17 86 48 115 42 145 52 79 23 131 58 112 79 97
-2147483637 25 604 82 28 14 122 62 114 36 9 61 7 50 28 32 3 24 90 71 60 17 28 17 88 15 101 11 55 54 102 11 49 33 139 51 69 74 19 22 14 18 123 14 101 100 68 69 36 6 59 64 33
-2147483636 25 841 58 119 81 109 47 136 9 1 59 30 33 136 12 125 37 128 95 87 94 19 40 12 80 59 53 72 63 87 87 39 80 67 6 90 17 78 51 38 52 14 45 127 100 85 68 54 42 94 94 53
-2147483635 25 767 75 50 43 81 73 144 2 53 54 132 61 50 32 99 93 73 18 65 74 105 52 27 54 77 75 32 87 24 84 121 51 87 14 141 12 129 89 19 21 64 1 122 75 49 47 102 81 97 11 81
-2147483634 25 669 34 93 72 132 13 69 9 149 62 138 80 18 50 139 6 91 79 142 73 148 37 110 80 17 5 40 79 128 91 134 39 37 51 15 12 95 56 31 62 25 12 62 29 93 34 51 22 18 29 142
-2147483633 25 609 11 98 68 136 77 109 17 83 58 12 44 145 33 142 6 66 58 92 65 29 78 115 60 10 38 141 41 90 6 103 55 25 33 33 7 14 94 35 64 77 31 12 48 95 2 80 7 88 15 107
-2147483632 25 852 78 139 48 56 99 127 31 58 44 55 7 147 53 60 20 89 49 20 83 19 65 20 20 18 77 33 66 125 81 120 54 87 72 2 95 106 86 39 9 45 63 23 28 23 56 71 75 6 61 86
-2147483631 25 779 17 37 71 55 37 70 58 3 30 57 82 125 96 80 84 136 24 104 17 48 99 118 48 40 94 4 73 102 6 50 25 34 58 143 59 142 41 24 96 106 54 116 53 74 31 56 40 81 6 84
-2147483630 25 751 86 7 35 49 31 42 35 6 96 61 37 31 63 142 16 32 89 85 37 127 27 136 62 119 40 138 17 120 46 33 36 46 27 105 63 86 98 146 61 141 37 147 15 150 92 45 21 121 86 86
-2147483629 25 712 65 19 48 40 92 131 18 12 67 95 30 4 94 84 72 84 14 104 53 112 63 134 72 116 89 96 7 14 44 139 66 13 5 20 35 144 1 79 4 101 16 49 69 13 89 61 64 3 10 25
-2147483628 25 784 76 109 6 72 50 141 11 84 3 82 48 103 63 79 82 147 48 122 50 77 48 98 84 26 74 108 58 57 74 101 54 74 40 90 97 134 54 12 45 84 62 139 25 38 45 8 23 139 87 109
-2147483627 25 669 44 52 38 40 51 17 98 13 49 107 76 5 21 22 63 26 4 24 25 73 72 130 42 144 12 129 1 50 79 130 6 32 21 64 48 108 54 68 80 5 17 82 6 56 70 103 54 110 84 118
-2147483626 25 688 22 83 65 94 51 114 49 77 9 40 38 22 48 88 57 142 30 16 40 15 14 84 65 29 93 51 88 70 7 107 25 42 26 134 90 115 65 57 28 111 65 98 88 17 24 67 6 81 55 68
-2147483625 25 643 64 103 1 41 88 140 61 112 39 101 46 96 95 107 53 127 48 26 23 113 91 130 41 118 98 96 23 5 18 117 48 121 46 72 8 50 41 103 8 120 36 80 44 45 24 144 15 107 13 55
-2147483624 25 844 46 5 23 130 82 31 50 7 23 101 82 106 48 42 19 84 62 89 25 104 39 90 22 124 90 68 78 6 17 135 41 94 93 95 49 112 84 147 79 10 66 91 77 20 88 143 69 74 55 140
-2147483623 25 796 18 140 53 59 76 64 85 80 46 1 43 129 63 54 49 17 10 49 9 132 39 112 48 23 88 54 10 85 85 97 50 4 58 4 42 50 45 39 86 136 27 42 77 134 64 38 100 110 57 14
-2147483622 25 846 61 143 83 13 11 106 44 30 27 43 85 114 31 63 78 108 75 34 98 91 13 36 89 133 13 78 14 20 25 105 22 128 66 7 94 113 75 56 96 2 66 120 77 145 22 82 69 144 77 99
-2147483621 25 792 56 133 90 67 77 4 96 134 16 30 60 56 5 37 41 147 100 23 35 143 17 1 75 139 97 144 47 97 92 35 31 72 11 30 92 131 23 131 77 57 7 54 75 17 61 23 9 91 31 66
-2147483620 25 599 56 70 44 45 40 60 26 129 5 26 9 52 65 29 55 84 7 115 43 125 15 75 19 133 61 119 4 105 40 52 14 142 82 86 24 31 97 74 6 1 66 22 35 45 34 134 86 60 66 43
-2147483619 25 685 24 120 79 63 69 59 22 109 9 91 7 34 55 133 79 118 9 113 28 22 76 140 29 17 23 93 1 13 2 99 37 38 46 23 67 22 55 132 87 96 49 141 86 5 82 97 82 135 40 13
-2147483618 25 616 4 24 2 49 27 36 94 40 33 144 93 104 21 57 85 131 52 58 75 58 3 35 32 132 26 20 52 11 3 138 16 11 8 25 39 51 40 50 61 109 29 79 41 73 91 38 36 64 64 15
-2147483617 25 797 81 99 33 19 54 88 26 9 66 43 97 121 36 7 97 112 38 55 7 147 9 53 51 75 84 61 75 29 83 58 29 95 5 93 76 87 20 1 64 128 29 91 66 96 65 93 39 3 99 68
-2147483616 25 810 100 11 80 75 57 95 91 47 82 109 70 16 36 111 73 16 32 138 11 143 77 60 55 64 4 29 5 63 21 5 87 31 10 99 70 100 30 90 98 17 33 101 22 102 42 141 78 110 86 134
-2147483615 25 792 68 94 29 34 5 48 42 14 73 94 12 89 83 32 26 79 88 82 13 128 66 67 53 131 13 141 81 136 67 99 79 52 29 11 58 50 39 149 42 18 61 80 71 66 75 144 96 93 51 12
-2147483614 25 789 48 23 53 150 2 97 94 124 55 91 49 51 95 115 41 79 10 120 51 77 92 18 5 93 56 118 58 77 41 12 59 132 23 17 88 38 76 121 8 46 41 84 65 54 32 9 88 62 85 59
-2147483613 25 714 93 115 51 145 39 9 75 144 57 23 4 24 3 40 27 135 52 4 71 88 33 17 14 147 48 69 3 53 88 132 74 120 64 37 77 3 31 77 98 132 67 2 3 103 28 45 59 119 32 43
-2147483612 25 754 38 97 40 78 62 131 98 98 22 128 53 144 65 25 21 61 19 77 92 24 39 86 18 62 26 68 71 127 24 4 13 93 67 79 13 44 40 16 94 92 95 69 57 89 63 116 100 121 28 137
-2147483611 25 675 97 99 49 21 7 111 59 117 59 124 80 106 44 70 23 86 76 94 68 104 23 94 15 119 22 116 57 32 58 126 12 82 50 90 68 85 34 40 34 138 10 20 63 80 60 128 10 52 48 115
-2147483610 25 748 4 106 39 27 50 90 95 9 81 79 89 139 7 58 53 112 95 129 1 42 78 15 41 60 63 1 26 109 35 109 50 58 43 132 56 139 48 77 98 43 4 130 21 15 25 110 85 29 60 128
-2147483609 25 805 48 55 95 133 77 87 89 3 31 35 75 120 62 26 68 26 9 23 68 10 44 107 93 97 81 27 38 97 37 145 50 126 34 67 72 15 3 91 12 50 84 129 13 68 3 120 62 17 95 45
-2147483608 25 673 18 57 1 16 2 123 29 60 47 98 37 144 49 104 41 32 80 65 82 136 76 97 76 132 10 118 67 107 90 92 2 11 99 3 18 2 84 69 41 45 11 115 26 89 46 99 81 37 9 92
-2147483607 25 615 16 127 26 137 72 53 70 58 7 88 100 11 66 148 10 125 100 139 29 59 23 59 16 72 99 92 14 118 86 34 40 2 7 99 92 117 1 92 17 11 20 24 14 129 15 35 69 20 16 147
-2147483606 25 604 53 57 37 103 86 53 30 149 14 23 21 81 17 41 20 13 5 30 70 32 27 134 37 61 75 77 64 65 65 119 41 25 17 116 85 3 12 22 1 39 30 33 80 69 49 148 54 80 18 35
-2147483605 25 799 75 67 12 17 85 129 62 72 29 39 27 104 43 65 46 41 45 87 41 68 84 106 67 94 16 23 61 105 68 119 93 64 23 6 53 12 90 23 56 29 41 123 88 125 25 51 10 104 92 77
-2147483604 25 596 14 113 21 121 38 56 95 148 7 95 77 148 5 150 3 87 8 139 73 95 12 20 45 149 96 104 33 9 39 37 57 79 100 116 33 55 14 41 35 31 91 18 19 143 12 32 53 29 14 38
-2147483603 25 746 82 37 39 40 24 51 96 84 40 51 81 143 87 120 73 28 17 130 46 77 7 54 63 38 31 112 46 126 94 89 9 113 84 70 2 11 81 146 63 30 31 65 15 26 23 131 36 58 74 122
-2147483602 25 829 90 120 17 78 5 72 26 76 31 29 10 60 95 140 86 144 100 100 93 94 86 35 5 1 40 41 88 113 66 92 56 82 41 109 6 68 20 48 96 77 52 8 91 68 98 114 41 147 43 51
-2147483601 25 858 60 43 57 97 29 145 92 25 72 86 78 42 12 28 100 26 64 30 49 88 71 150 64 91 46 92 37 130 59 119 20 28 7 115 83 54 73 112 53 67 32 45 72 64 48 108 60 17 92 13
-2147483600 25 727 70 93 9 50 23 81 94 89 40 79 38 89 71 67 36 80 81 13 28 49 53 89 63 37 2 15 96 93 21 131 70 136 50 117 23 108 32 26 31 107 70 103 30 60 13 99 94 140 74 32
