2147483647 25 771 11 128 85 205 93 158 39 194 61 124 26 77 4 238 27 223 68 86 96 20 14 3 29 4 94 108 3 214 73 70 54 209 79 94 66 179 1 10 49 154 53 185 92 142 69 46 46 91 53 104
-2147483648 25 715 44 165 43 182 68 91 16 176 22 222 99 188 73 193 13 93 49 33 41 243 75 235 72 166 51 100 85 241 76 92 38 49 3 201 93 175 17 21 41 96 97 97 14 173 16 66 6 160 40 117
-2147483647 25 850 62 34 41 81 80 228 72 161 87 120 1 62 68 8 6 150 73 55 68 33 61 162 52 185 34 168 100 99 31 98 87 230 53 67 25 82 18 240 97 11 44 243 30 28 100 86 71 182 56 96
-2147483646 25 621 86 40 3 93 90 92 4 223 76 88 29 156 27 203 89 128 14 15 47 25 11 227 7 99 2 17 74 181 80 73 11 162 45 34 2 86 50 15 24 65 41 129 88 169 33 191 19 116 83 164
-2147483645 25 650 56 232 56 158 32 144 70 14 30 122 35 99 14 198 53 38 14 7 21 91 29 154 88 40 29 52 93 119 67 186 13 56 67 171 86 248 26 137 5 138 4 97 95 42 18 119 32 78 51 132
-2147483644 25 772 68 196 15 138 95 109 76 216 91 105 61 8 65 69 72 124 27 243 5 77 53 19 70 117 24 218 95 140 18 111 9 214 23 57 41 42 67 40 3 142 58 159 60 56 91 79 72 43 29 190
-2147483643 25 713 48 202 84 43 28 19 5 54 64 55 66 180 8 219 95 119 4 152 64 17 18 54 70 193 44 152 9 39 78 92 92 64 18 188 43 111 83 117 66 114 69 78 18 190 19 29 24 56 72 218
-2147483642 25 753 29 223 9 247 66 131 60 186 68 93 11 148 63 70 35 13 73 41 52 95 62 51 69 197 97 218 91 49 10 156 7 96 52 37 38 43 67 241 92 86 34 5 94 241 30 69 2 5 44 133
-2147483641 25 789 40 14 74 21 85 174 96 187 89 12 37 239 44 220 11 201 6 193 77 241 12 25 99 12 7 70 33 19 30 191 61 174 82 85 78 165 4 184 41 231 79 193 88 53 66 245 2 176 75 194
-2147483640 25 858 67 215 88 162 91 234 93 57 1 56 99 153 92 201 95 175 47 246 44 217 91 53 64 195 43 73 76 109 100 125 21 164 36 21 31 65 2 57 49 6 45 118 64 93 28 146 7 185 57 125
-2147483639 25 770 61 117 71 61 25 33 54 250 57 131 50 193 18 213 86 120 11 218 71 149 90 39 7 132 53 85 12 148 8 169 9 170 15 199 93 97 93 114 39 123 98 221 27 39 74 29 63 211 99 84
-2147483638 25 750 44 219 49 125 41 3 84 128 60 228 19 171 59 82 48 129 72 102 97 25 90 236 98 39 10 179 27 182 56 63 6 247 13 137 49 132 56 80 4 38 23 57 84 205 56 79 34 67 72 75
-2147483637 25 685 37 153 25 87 77 84 6 9 7 153 29 30 60 104 67 22 95 55 41 245 37 159 21 51 46 190 52 196 3 59 8 98 85 80 74 153 66 199 65 179 41 233 84 2 35 125 10 72 72 124
-2147483636 25 668 27 22 13 118 29 145 23 202 36 64 4 110 65 221 76 95 50 104 18 34 13 145 7 241 59 103 47 169 70 45 17 240 27 74 43 138 88 165 36 59 91 98 68 139 28 108 94 191 85 27
-2147483635 25 747 90 243 69 242 94 69 38 98 95 19 57 30 4 208 42 116 38 72 12 184 52 8 13 48 59 100 62 129 17 115 63 16 43 78 3 90 59 102 75 133 48 80 65 129 15 15 98 132 35 24
-2147483634 25 599 27 216 13 97 6 176 79 168 22 237 13 211 1 139 15 9 92 183 45 165 26 231 98 226 44 31 97 103 65 77 51 228 18 156 30 56 33 21 90 137 3 6 39 9 58 134 7 123 27 127
-2147483633 25 555 15 131 43 32 43 216 25 97 27 225 70 193 81 217 40 27 9 181 19 246 27 53 1 164 25 147 19 78 8 114 82 56 98 62 35 100 11 150 79 94 50 121 15 77 35 135 42 109 26 149
-2147483632 25 606 42 132 81 106 18 13 1 92 37 21 82 45 31 199 43 163 20 132 25 245 91 186 47 11 5 202 59 115 24 210 6 164 37 216 8 137 92 22 92 69 17 183 46 117 53 219 12 180 41 92
-2147483631 25 774 70 76 11 40 35 39 97 232 62 51 77 167 86 33 53 235 68 110 3 147 72 47 32 41 66 211 4 194 57 110 14 65 75 62 42 22 41 96 2 5 59 195 69 112 91 53 39 145 65 101
-2147483630 25 891 17 91 60 121 53 62 33 141 2 221 1 40 15 186 41 141 83 203 95 211 83 133 62 128 98 131 72 89 11 93 76 67 73 88 75 64 60 18 82 154 96 204 77 25 56 44 66 97 99 151
-2147483629 25 751 23 203 14 212 32 27 38 10 47 119 41 56 74 35 57 122 39 41 56 51 78 128 2 137 61 145 73 68 97 177 88 49 52 2 5 209 12 104 88 144 89 71 80 157 42 91 12 202 53 168
-2147483628 25 678 1 76 19 8 85 198 61 143 6 143 28 233 77 198 94 203 63 12 23 125 62 28 79 104 74 50 78 213 1 77 52 4 61 176 5 115 50 163 3 138 23 76 49 247 10 104 80 180 47 5
-2147483627 25 936 22 21 13 250 50 216 20 68 72 51 58 58 22 46 94 65 65 107 91 167 98 32 97 115 12 16 88 228 79 84 94 250 42 15 100 227 93 50 18 159 40 188 87 155 94 200 88 144 23 196
-2147483626 25 791 25 50 92 53 66 7 28 133 94 14 87 217 6 69 93 14 19 213 26 90 49 163 12 88 27 12 15 36 63 94 93 216 58 209 8 57 87 88 76 200 41 155 67 115 90 149 52 19 45 192
-2147483625 25 907 44 231 42 137 28 172 60 106 83 54 80 189 8 92 60 39 60 114 51 88 26 227 97 230 37 216 51 220 94 238 65 93 88 16 92 37 75 128 57 144 73 91 34 200 74 231 96 82 38 113
-2147483624 25 740 68 156 36 161 55 181 51 13 60 110 100 61 81 218 31 182 2 13 24 147 63 239 96 240 76 171 88 177 1 63 16 171 88 129 33 104 24 207 47 209 27 116 8 19 34 96 81 88 44 9
-2147483623 25 694 94 15 100 222 2 186 57 224 45 143 15 152 26 5 12 145 44 88 41 225 19 168 36 66 75 173 65 137 4 19 59 244 14 144 87 38 32 107 5 191 100 48 37 63 22 122 83 162 84 59
-2147483622 25 659 55 6 91 226 29 163 60 233 20 158 1 195 61 35 36 117 30 167 90 84 44 223 53 200 15 184 29 243 39 30 21 231 15 27 83 107 76 104 36 238 5 90 73 163 50 21 12 198 75 3
-2147483621 25 951 13 45 91 163 98 11 39 65 2 192 38 55 69 130 33 128 95 20 93 75 3 243 66 190 63 39 84 185 95 146 75 17 77 163 72 184 70 26 100 177 87 93 93 139 89 62 7 209 33 247
-2147483620 25 679 14 88 96 198 11 144 95 237 32 223 54 16 96 73 72 169 3 102 78 5 12 160 40 10 20 70 29 64 12 152 24 62 96 49 4 17 77 247 2 21 88 136 15 209 84 215 51 216 27 71
-2147483619 25 976 89 94 93 68 42 29 56 174 37 167 31 152 92 66 80 239 33 143 94 86 66 204 89 200 65 180 66 40 59 229 44 116 29 90 74 176 48 71 40 210 95 175 45 216 96 62 82 72 82 189
-2147483618 25 696 63 117 57 129 27 54 24 229 38 204 84 203 28 30 17 3 83 161 30 55 49 61 92 233 11 220 18 230 17 247 68 199 46 60 31 179 46 135 64 207 36 116 64 158 59 202 64 101 45 233
-2147483617 25 581 63 233 18 135 86 70 42 8 20 145 2 217 38 119 11 170 19 140 22 206 39 144 29 5 21 216 83 211 27 68 78 222 21 237 43 15 23 210 10 106 42 28 29 198 59 99 48 194 96 173
-2147483616 25 745 60 85 27 219 36 116 74 45 31 1 45 20 89 163 3 78 71 62 16 201 67 143 92 240 37 124 36 208 27 76 53 216 64 196 74 249 25 119 18 138 48 156 63 92 28 163 68 245 90 207
-2147483615 25 894 78 142 40 173 53 190 19 219 59 114 18 28 32 205 90 14 82 35 54 247 69 3 61 79 38 220 97 13 86 216 88 159 43 69 33 238 4 128 83 156 97 2 74 71 83 156 34 159 76 218
-2147483614 25 741 63 112 88 57 76 63 11 181 31 240 59 45 60 3 46 230 96 122 44 197 11 99 79 210 68 153 47 5 25 56 89 217 67 191 10 106 2 49 15 78 16 182 49 187 74 236 67 174 43 24
-2147483613 25 695 48 134 50 67 38 43 88 209 19 32 6 18 100 180 84 22 15 211 28 72 16 109 2 161 18 186 59 212 44 3 95 229 55 109 19 230 61 16 75 198 19 201 87 45 52 174 27 166 54 136
-2147483612 25 838 95 173 98 240 34 39 71 230 100 35 94 235 6 119 38 59 40 244 30 36 77 121 95 157 67 116 32 231 13 214 47 18 55 110 3 220 59 182 80 147 87 183 53 230 21 224 16 150 87 112
-2147483611 25 750 74 158 93 170 26 148 15 144 52 66 44 244 34 245 42 90 86 250 9 164 59 237 39 28 87 147 1 4 19 218 47 231 51 98 60 190 98 185 34 123 1 192 47 84 75 219 70 150 88 194
-2147483610 25 731 26 115 73 159 57 146 23 144 60 102 45 15 33 238 45 232 71 107 67 11 92 167 81 94 1 138 25 174 15 31 47 100 59 47 4 38 78 65 73 93 67 43 43 247 12 219 92 207 30 145
-2147483609 25 756 87 53 25 169 59 62 23 210 94 94 96 102 78 136 60 202 70 92 7 105 74 182 59 41 72 176 4 157 53 84 21 100 55 113 8 34 70 75 98 160 68 233 5 112 48 159 26 42 1 80
-2147483608 25 770 59 184 5 43 90 190 88 234 39 101 27 148 80 204 5 219 96 185 18 231 38 211 86 105 29 83 6 136 50 14 86 20 79 226 25 172 66 30 63 11 52 223 64 80 71 169 20 165 42 91
-2147483607 25 867 58 197 21 109 21 124 77 64 4 65 31 224 34 24 80 145 79 113 70 101 50 54 30 32 54 1 81 182 66 53 10 60 100 75 68 49 80 109 45 208 70 189 73 7 85 130 61 158 97 75
-2147483606 25 691 4 116 52 83 60 13 34 98 78 247 61 217 23 149 17 225 80 240 34 60 79 6 100 128 5 211 3 163 48 250 95 128 46 117 84 13 52 43 44 73 16 11 16 96 64 82 28 107 29 153
-2147483605 25 771 67 19 63 165 59 169 51 154 33 244 61 69 49 18 74 82 12 64 50 140 55 163 60 176 4 59 3 78 66 79 92 82 39 138 99 244 23 122 59 138 47 50 83 237 27 141 28 96 82 192
-2147483604 25 857 94 90 42 135 7 114 77 24 77 108 41 171 76 199 24 185 77 115 23 90 1 173 56 209 64 205 40 228 21 53 68 36 58 24 68 159 55 112 73 79 88 34 100 158 93 58 37 175 69 149
-2147483603 25 766 6 175 29 152 54 230 43 232 83 157 14 127 77 178 61 112 35 38 90 17 47 192 20 115 40 32 69 191 83 95 36 219 8 160 49 152 56 227 54 97 54 169 90 75 39 124 75 181 65 159
-2147483602 25 759 79 26 40 248 57 199 12 63 56 235 63 229 82 176 56 74 31 28 21 211 50 184 52 98 4 224 89 195 62 132 42 102 63 204 40 48 61 128 45 41 45 18 8 66 78 157 56 21 74 190
-2147483601 25 725 93 60 50 111 63 133 34 128 31 239 4 181 36 167 54 189 86 36 27 76 31 178 38 96 98 36 1 133 23 187 29 38 99 197 60 153 32 232 12 156 88 39 35 60 83 220 100 170 2 64
-2147483600 25 811 99 81 97 88 71 235 50 179 47 180 46 190 87 111 55 116 5 214 39 43 48 67 33 205 51 37 70 125 83 179 76 202 4 180 16 186 66 163 46 32 38 228 89 61 36 107 71 101 29 22
