2147483647 25 719 2 10 11 33 68 13 28 41 11 43 95 24 64 33 19 42 17 35 27 37 25 41 25 27 54 6 93 28 59 17 83 31 52 47 26 10 18 27 100 14 38 48 75 1 61 47 85 39 63 6
-2147483648 25 694 50 44 92 38 41 23 85 17 1 22 66 42 3 9 76 15 35 47 81 18 21 10 29 48 20 45 88 3 65 26 16 8 38 4 89 39 53 37 11 27 16 39 36 10 93 6 48 14 4 14
-2147483647 25 899 62 13 46 46 20 33 79 4 71 22 58 43 59 48 94 24 72 23 21 42 99 19 59 17 56 26 45 2 80 25 31 21 73 38 32 47 42 6 100 6 54 29 98 7 51 46 60 12 37 41
-2147483646 25 780 6 18 17 32 69 36 16 7 75 48 62 3 36 18 81 34 27 11 77 13 34 16 82 16 44 17 23 2 56 30 84 31 94 50 25 32 72 20 76 23 35 19 50 35 71 15 37 49 52 7
-2147483645 25 774 22 43 45 2 17 44 37 20 91 46 98 37 52 46 74 39 54 23 17 15 91 26 65 21 21 18 71 29 32 12 71 27 8 8 57 12 3 47 63 47 84 31 67 18 52 21 12 3 86 14
-2147483644 25 633 34 39 79 50 18 50 34 44 57 33 11 14 18 9 43 37 42 23 67 3 38 25 65 3 86 9 45 49 22 16 25 28 7 2 54 13 3 44 12 30 51 12 87 35 40 15 42 41 75 5
-2147483643 25 721 86 6 58 26 17 22 67 31 41 44 92 33 43 50 70 49 23 36 83 18 32 17 57 10 2 49 48 22 79 11 52 32 34 5 15 26 53 41 12 47 69 2 59 6 3 14 8 13 100 45
-2147483642 25 657 61 16 24 9 50 13 14 49 69 46 19 10 56 27 29 36 3 41 51 8 75 10 19 17 31 11 61 20 46 30 29 3 91 26 23 20 77 19 37 23 29 28 64 42 9 47 55 6 74 3
-2147483641 25 817 26 25 25 23 82 28 65 21 94 6 2 11 16 46 73 20 32 25 75 35 94 2 25 29 87 17 50 21 44 12 46 35 72 35 14 27 25 40 94 10 89 48 40 2 88 7 43 10 62 9
-2147483640 25 709 88 28 20 6 13 3 44 31 47 44 85 46 58 28 62 36 9 43 49 2 5 19 98 22 41 43 57 42 4 10 100 46 74 10 3 43 25 23 47 36 34 16 62 46 87 12 62 48 9 5
-2147483639 25 945 98 7 47 48 57 44 80 7 71 42 32 36 74 3 89 38 91 7 22 19 83 28 69 23 46 28 68 4 51 38 17 25 89 32 43 23 51 11 58 11 5 45 92 40 94 41 55 43 93 38
-2147483638 25 717 22 38 31 46 20 39 47 44 83 49 63 50 45 26 63 44 96 7 10 27 35 8 42 13 93 18 6 24 20 50 23 21 75 27 33 47 30 40 81 7 76 22 12 11 94 37 8 45 87 9
-2147483637 25 771 43 11 32 42 47 12 20 27 71 20 52 47 82 13 47 7 20 39 92 1 89 34 44 1 87 19 75 48 27 31 12 35 82 22 53 15 67 36 82 19 12 17 31 47 59 39 6 39 54 49
-2147483636 25 855 78 22 64 11 43 26 59 9 46 43 79 29 53 31 100 3 90 34 77 36 5 45 4 18 81 32 12 44 41 33 84 9 8 24 40 26 98 49 68 22 82 24 100 18 7 50 40 48 67 9
-2147483635 25 747 67 36 5 35 5 43 33 9 72 37 82 28 91 45 3 15 40 1 27 4 44 5 54 22 43 31 43 42 56 5 100 11 79 3 92 42 90 12 1 31 96 42 16 43 72 10 15 6 19 21
-2147483634 25 761 20 31 50 37 5 47 33 24 75 45 55 38 10 17 79 1 18 34 25 9 29 11 100 23 7 36 63 11 83 41 63 1 43 7 75 24 5 4 93 40 96 24 54 3 81 17 7 49 100 16
-2147483633 25 674 16 15 53 8 74 30 87 18 81 35 17 22 72 30 56 23 6 30 54 50 40 25 46 47 55 14 26 31 25 13 93 20 54 23 55 14 4 21 63 42 11 40 27 41 39 41 28 22 42 41
-2147483632 25 831 43 41 30 45 75 42 15 50 45 20 25 19 79 39 82 17 5 43 76 34 69 44 46 48 69 42 77 48 28 10 77 36 100 4 59 37 91 37 73 18 12 49 72 46 75 27 25 40 38 1
-2147483631 25 676 45 3 87 46 1 28 75 39 51 2 96 14 73 48 34 16 68 13 4 20 60 8 37 16 6 6 84 16 90 11 31 17 28 9 25 14 72 50 5 11 1 50 49 37 95 42 4 31 7 4
-2147483630 25 751 1 33 22 19 97 14 48 41 58 19 3 45 71 15 6 48 58 39 94 32 98 48 63 23 68 29 28 36 18 18 78 10 100 50 56 49 26 2 77 42 41 40 72 6 9 39 7 33 53 1
-2147483629 25 696 29 26 96 46 96 32 47 12 34 33 58 6 84 29 9 20 55 18 43 16 18 42 10 45 96 9 66 2 84 9 4 6 69 50 3 32 62 25 88 48 14 23 6 49 4 8 36 29 49 40
-2147483628 25 729 89 33 62 49 55 29 16 10 60 50 38 32 12 3 62 7 70 12 64 29 18 39 3 12 74 4 37 5 64 43 88 27 51 25 50 3 7 33 25 34 66 32 30 39 69 46 91 20 14 27
-2147483627 25 706 96 16 31 50 53 3 5 45 14 35 75 1 21 13 51 36 30 29 37 28 25 1 18 27 78 43 45 35 25 29 22 10 88 27 19 21 57 12 31 35 93 3 71 7 29 11 84 30 80 11
-2147483626 25 555 13 2 22 16 57 50 17 1 68 21 59 45 61 24 43 40 88 50 2 9 69 48 22 20 8 25 62 46 9 21 11 11 44 17 52 50 33 34 1 1 8 30 91 34 6 17 47 47 32 25
-2147483625 25 757 11 50 43 16 40 25 82 1 41 45 41 26 11 42 84 31 84 9 30 43 17 19 45 4 5 26 39 26 44 35 100 27 70 21 86 5 92 34 10 16 57 26 83 34 35 34 29 10 83 29
-2147483624 25 866 3 50 95 24 6 50 98 22 51 21 14 26 95 42 92 40 93 42 47 2 15 2 54 49 71 44 65 50 6 24 58 4 46 26 55 26 52 27 95 1 93 5 52 44 93 22 68 43 27 7
-2147483623 25 664 88 21 18 21 40 44 28 3 87 17 52 22 41 49 96 48 49 24 49 22 49 21 52 50 28 22 44 48 29 36 9 8 13 14 57 27 14 42 57 1 17 4 45 29 5 20 54 27 87 1
-2147483622 25 724 96 18 43 24 35 36 91 40 66 10 49 38 36 31 1 46 14 7 76 35 15 47 77 30 50 41 99 2 34 43 6 15 19 24 77 27 19 34 32 42 87 40 58 11 41 29 14 28 72 45
-2147483621 25 826 24 44 81 1 45 16 82 22 35 8 27 20 45 23 88 11 99 3 89 16 89 38 10 24 98 26 5 6 6 39 99 15 63 40 30 4 11 6 50 23 26 39 84 36 23 36 92 11 77 41
-2147483620 25 927 52 33 56 31 12 27 13 9 64 9 93 31 47 28 42 38 62 26 86 6 96 6 88 40 82 5 50 37 31 14 54 41 92 5 44 2 62 28 19 13 73 6 87 10 67 14 94 14 79 40
-2147483619 25 663 39 38 91 14 54 37 36 2 46 34 30 50 48 11 9 46 24 36 47 22 96 10 54 41 38 10 10 16 48 45 11 44 63 1 13 9 74 25 20 10 15 25 19 32 70 14 54 47 97 50
-2147483618 25 801 35 47 19 45 74 28 9 42 87 28 72 49 43 17 99 28 51 37 4 35 92 10 19 6 82 44 37 18 81 17 35 8 26 27 3 50 9 6 83 48 67 27 93 5 88 46 65 19 63 35
-2147483617 25 811 8 27 88 13 64 35 13 1 4 47 35 19 8 31 91 6 60 50 22 22 94 45 97 44 99 43 77 32 22 20 32 15 93 10 55 29 89 34 58 46 61 47 30 34 53 11 79 7 20 1
-2147483616 25 742 56 7 89 26 100 44 36 38 50 29 15 41 87 4 2 21 65 45 9 12 81 35 15 6 37 34 31 8 81 26 15 18 64 2 88 32 91 12 39 21 81 27 22 34 61 12 9 13 13 9
-2147483615 25 607 48 47 85 31 4 11 30 18 35 5 85 25 46 24 54 17 11 22 57 25 84 19 2 3 5 32 29 7 87 21 29 18 34 7 96 19 34 13 71 35 35 28 19 41 3 36 14 7 15 36
-2147483614 25 781 62 50 8 32 4 7 26 16 26 7 72 28 47 3 68 22 42 1 68 7 70 2 68 44 83 36 59 49 84 37 67 23 73 38 10 38 87 18 8 6 48 40 66 47 85 17 37 14 34 2
-2147483613 25 763 39 2 6 4 91 45 77 25 85 31 24 26 6 48 26 8 72 6 50 40 24 49 59 45 91 22 23 14 70 29 31 5 60 18 15 26 25 46 100 5 51 12 60 29 19 43 72 45 97 11
-2147483612 25 742 69 11 18 14 10 4 71 17 35 21 90 33 49 25 1 32 99 13 53 50 33 2 22 47 61 20 77 16 30 37 52 50 94 35 26 2 77 49 36 6 37 13 76 43 74 39 47 37 1 50
-2147483611 25 753 71 17 4 47 27 32 33 2 95 32 77 24 61 35 16 44 73 47 83 4 5 10 33 41 4 3 57 26 79 29 50 25 92 27 42 9 17 38 21 6 37 49 59 49 67 38 84 20 68 34
-2147483610 25 715 47 36 86 40 52 45 85 5 40 32 66 45 13 29 43 27 75 30 29 48 71 33 92 15 63 30 3 23 97 35 13 22 42 49 23 47 87 4 2 13 71 34 15 42 24 29 37 50 16 33
-2147483609 25 869 94 44 30 43 15 46 44 9 38 21 88 25 85 15 47 4 23 17 15 12 59 43 91 37 68 8 30 3 13 23 70 4 32 50 92 23 91 18 64 15 76 26 78 30 81 13 67 2 58 41
-2147483608 25 614 26 9 66 8 90 17 31 10 39 22 64 4 49 48 7 21 41 49 76 2 26 26 55 2 11 18 29 39 37 44 58 32 3 12 78 46 58 4 11 48 51 37 3 50 68 5 40 4 7 8
-2147483607 25 818 12 17 65 33 36 38 100 33 53 19 51 5 99 27 34 39 46 46 85 28 87 18 30 45 35 49 98 37 5 3 88 8 37 27 82 36 29 41 37 41 18 44 90 8 41 12 92 43 14 38
-2147483606 25 925 42 50 11 36 89 23 68 44 19 36 91 4 88 14 60 35 99 44 50 18 68 34 22 29 82 31 81 37 48 48 50 45 95 30 60 42 5 14 70 12 98 30 30 43 87 45 54 43 76 2
-2147483605 25 721 20 22 69 21 1 26 4 41 24 26 76 37 40 35 33 50 53 19 25 11 61 12 82 46 8 34 79 31 54 28 64 37 99 17 15 50 84 9 80 4 68 28 81 4 25 7 6 39 51 15
-2147483604 25 655 99 6 53 41 2 31 49 41 22 1 36 43 75 17 18 45 33 1 7 7 8 37 68 44 82 47 1 44 70 26 17 35 63 35 49 33 29 49 46 26 98 41 36 36 15 27 61 24 55 34
-2147483603 25 720 60 32 41 14 51 11 20 26 8 45 3 12 58 33 93 3 31 11 2 38 72 50 57 4 71 36 61 16 19 8 97 40 78 19 6 15 58 13 80 33 15 42 90 37 48 42 78 40 4 40
-2147483602 25 773 54 38 79 6 84 25 82 23 79 50 60 38 78 19 13 42 66 36 9 23 36 12 27 13 96 38 8 37 53 6 53 3 87 16 16 35 79 49 14 29 97 37 34 38 11 23 58 38 16 34
-2147483601 25 928 20 26 91 23 77 44 20 42 60 36 95 6 78 41 42 47 51 11 91 32 79 44 37 6 62 24 57 10 22 37 87 21 24 39 88 1 63 4 84 11 79 40 34 29 60 38 51 5 96 21
-2147483600 25 719 74 38 29 6 86 46 58 22 11 40 15 49 21 20 73 4 39 18 15 12 58 47 1 46 51 30 67 1 69 32 43 22 37 36 53 11 63 5 64 37 90 40 69 5 17 21 18 28 78 17
