2147483647 25 718 99 248 25 216 93 148 29 189 8 93 10 207 41 146 69 33 87 64 9 227 19 48 5 89 30 239 19 112 69 109 53 167 43 193 53 89 37 204 11 109 19 51 27 147 79 236 72 162 20 200
-2147483648 25 837 56 96 100 149 74 72 55 230 74 58 36 63 90 195 3 106 14 96 24 61 82 104 45 20 1 58 3 180 88 56 52 108 61 128 3 85 80 144 26 132 81 153 78 175 39 201 13 131 19 89
-2147483647 25 805 77 1 78 54 8 194 45 26 50 81 33 4 76 231 53 194 27 80 35 129 85 38 13 156 85 129 43 243 4 152 33 201 61 25 2 172 88 115 79 92 79 28 38 133 4 226 31 74 23 164
-2147483646 25 877 81 17 81 234 69 163 45 29 63 121 72 238 29 82 5 76 2 230 77 200 29 136 91 165 8 236 57 95 24 196 4 11 85 209 98 135 49 106 65 28 91 92 6 49 70 26 50 176 3 65
-2147483645 25 823 51 76 80 104 97 219 36 131 26 147 31 72 63 39 12 152 69 152 3 85 72 234 71 194 13 99 88 155 10 225 88 151 20 169 2 41 55 92 69 201 96 248 9 146 15 52 19 208 81 54
-2147483644 25 793 17 131 15 218 30 69 27 44 90 91 7 193 97 68 45 245 44 249 35 30 80 75 11 220 89 63 9 18 8 223 29 62 42 109 12 178 71 96 89 151 75 239 38 177 23 205 69 164 82 8
-2147483643 25 811 77 151 33 220 49 53 13 141 29 52 46 142 46 218 1 143 58 179 95 116 32 174 42 173 40 160 51 21 30 80 12 16 92 110 94 101 65 16 97 233 27 105 50 180 29 126 29 217 22 60
-2147483642 25 846 33 133 94 187 23 83 39 182 42 169 5 132 74 242 97 168 37 154 74 82 55 250 75 11 72 8 55 2 90 190 25 56 29 44 97 128 51 87 24 230 2 71 45 189 25 102 43 153 3 39
-2147483641 25 932 94 142 16 171 61 218 72 38 88 152 91 31 83 50 30 199 71 200 14 237 72 40 23 41 92 119 57 84 9 148 49 6 16 160 71 190 51 104 91 97 3 204 51 212 2 201 64 181 61 195
-2147483640 25 849 67 80 94 223 48 213 37 12 19 112 64 168 47 197 31 44 55 205 59 114 21 153 27 177 46 71 51 24 1 28 88 168 43 204 57 228 67 231 96 213 38 148 53 210 38 208 2 231 65 150
-2147483639 25 795 38 213 21 162 56 166 93 17 76 234 18 158 61 152 45 41 52 28 9 118 96 115 6 121 30 110 31 77 37 240 91 185 81 28 39 91 78 79 43 132 25 151 16 213 21 151 2 180 72 25
-2147483638 25 849 19 168 56 62 16 212 69 116 16 11 42 14 79 57 17 42 59 234 48 3 47 182 62 156 58 205 23 146 54 234 69 181 61 59 97 190 9 163 23 59 70 161 29 118 87 114 64 113 39 29
-2147483637 25 1035 47 213 84 19 47 103 89 174 100 106 63 169 15 60 91 28 100 248 76 55 23 113 86 129 93 181 97 140 18 89 68 159 21 128 71 168 92 149 37 229 2 249 59 41 23 124 28 57 49 8
-2147483636 25 813 45 178 49 76 23 101 3 47 96 50 54 158 83 186 14 134 42 15 13 195 97 37 78 139 31 1 6 145 23 134 61 168 25 23 98 116 50 249 65 113 20 48 9 6 93 55 56 86 28 171
-2147483635 25 917 12 62 83 223 80 34 90 213 72 30 39 82 79 157 42 190 10 227 76 185 36 236 93 110 97 215 66 130 20 234 21 80 18 8 21 245 17 25 83 220 22 53 21 1 84 155 76 233 53 128
-2147483634 25 842 67 221 46 150 33 105 46 245 94 164 92 34 98 23 17 46 7 82 28 223 21 124 11 103 50 236 3 64 88 138 77 136 44 54 14 189 64 148 74 142 25 161 71 55 74 217 40 200 20 170
-2147483633 25 965 69 100 18 199 81 167 74 209 92 152 39 170 15 205 90 72 58 131 88 77 9 31 95 198 34 171 66 185 48 213 42 42 25 146 96 15 25 174 90 42 30 69 85 112 10 184 74 167 26 153
-2147483632 25 1166 98 88 74 231 15 19 61 200 82 20 65 56 25 225 81 51 96 14 90 212 22 50 13 15 65 54 80 95 89 14 99 214 41 181 78 136 80 95 34 152 46 247 84 176 89 160 91 210 69 201
-2147483631 25 965 69 227 100 201 97 161 2 191 2 225 82 2 76 54 74 132 76 132 91 25 14 91 9 242 7 242 61 242 81 73 77 122 20 191 29 42 41 77 93 106 21 186 43 239 96 40 49 179 69 98
-2147483630 25 968 82 206 75 224 79 203 87 98 78 167 69 136 16 220 31 110 5 178 75 243 14 237 72 141 91 168 73 97 39 102 78 50 23 131 10 4 34 239 41 27 62 21 65 193 97 239 21 2 67 237
-2147483629 25 1052 98 199 90 174 36 198 37 19 18 187 49 238 95 178 47 9 73 201 99 32 91 152 22 139 38 44 51 145 19 42 53 41 96 105 86 79 21 55 39 97 97 217 34 227 58 201 95 75 61 234
-2147483628 25 631 43 128 54 160 7 229 82 143 50 249 74 6 16 175 44 2 2 163 23 100 4 47 27 93 10 210 18 10 14 194 98 141 29 128 20 88 43 3 93 230 1 165 94 39 36 95 17 92 3 97
-2147483627 25 1047 77 15 58 7 43 168 87 150 71 250 38 171 57 165 20 190 1 154 77 233 54 193 59 118 93 236 85 22 31 219 48 18 94 12 10 90 72 240 96 107 96 83 11 130 99 75 28 250 92 11
-2147483626 25 1069 93 113 82 128 92 184 46 192 83 191 65 74 84 143 35 232 93 16 89 222 49 211 22 149 36 51 90 159 20 203 68 31 26 122 64 45 23 23 95 12 86 147 34 171 16 171 62 22 75 125
-2147483625 25 1080 98 58 34 47 83 174 39 180 33 147 53 1 71 197 50 86 97 179 44 228 76 71 50 25 97 164 78 145 74 131 8 178 76 104 90 145 11 70 30 110 87 207 45 143 62 234 92 144 65 87
-2147483624 25 909 49 101 63 246 51 149 64 71 18 93 81 63 8 139 67 243 14 194 26 107 22 29 26 164 69 216 59 150 44 58 95 231 64 143 91 34 17 135 42 86 92 55 60 248 78 64 97 226 3 54
-2147483623 25 863 33 60 33 145 90 3 44 119 61 220 71 137 81 85 12 177 48 72 25 222 63 39 11 54 15 219 48 27 78 125 32 27 74 161 69 158 66 31 11 65 100 203 81 200 15 231 51 156 21 188
-2147483622 25 700 51 209 91 153 5 12 49 130 16 66 2 118 37 189 12 13 39 192 18 123 3 44 30 207 98 112 76 120 7 240 23 144 80 32 19 210 18 168 36 82 94 94 80 75 13 228 35 129 68 130
-2147483621 25 757 1 175 70 76 53 166 75 70 15 204 24 92 39 7 50 143 87 167 24 57 100 42 60 198 47 183 71 203 25 95 33 62 8 6 55 152 69 73 89 207 11 31 19 123 15 171 6 4 36 74
-2147483620 25 746 24 87 47 210 14 232 57 210 74 203 22 17 6 74 9 150 90 193 89 196 60 249 91 197 49 13 47 136 7 205 84 77 17 75 15 75 23 178 14 241 53 88 3 144 65 29 18 136 89 16
-2147483619 25 765 33 120 6 57 27 135 28 183 8 87 55 230 66 179 22 199 2 111 51 37 41 7 50 108 61 36 55 194 69 108 84 2 91 223 24 43 43 129 91 128 86 113 43 127 17 161 31 44 9 202
-2147483618 25 1187 33 122 84 205 92 109 96 116 22 161 89 12 65 200 94 222 97 92 40 218 88 64 33 75 77 121 95 16 66 6 88 245 51 177 80 106 15 189 89 88 40 194 40 12 57 84 94 135 71 82
-2147483617 25 920 41 144 59 182 88 86 22 205 41 218 84 69 85 87 98 161 78 30 40 164 47 199 43 217 84 250 21 193 54 226 10 236 48 170 67 89 3 220 17 107 75 3 70 149 36 170 24 32 80 159
-2147483616 25 771 78 68 43 52 14 68 21 84 4 185 24 34 68 179 82 87 7 209 23 60 26 243 25 240 57 151 64 200 73 109 44 127 71 216 72 210 14 230 18 43 66 104 31 84 13 30 68 50 96 226
-2147483615 25 816 44 54 88 171 18 109 29 203 24 4 25 168 52 238 54 58 79 166 15 241 84 202 38 35 14 126 26 205 70 53 73 34 43 149 82 149 3 26 41 66 12 162 93 159 60 116 87 96 13 4
-2147483614 25 1009 35 239 82 181 10 239 23 89 78 231 57 124 6 247 9 219 59 29 98 247 38 22 64 77 73 58 77 147 62 223 60 240 85 104 68 235 37 226 29 36 83 214 64 220 85 181 76 106 84 182
-2147483613 25 889 41 54 82 11 52 134 28 71 12 221 18 179 85 4 13 130 96 125 42 61 64 60 10 69 12 235 100 218 37 210 60 193 6 102 82 143 94 22 86 14 97 6 77 202 4 225 33 248 40 187
-2147483612 25 842 24 8 99 83 31 26 27 77 97 158 15 141 41 49 97 54 77 227 30 154 97 67 64 183 8 169 63 100 67 5 15 226 6 32 24 90 23 126 67 50 14 203 77 133 1 183 75 192 64 11
-2147483611 25 871 38 150 31 5 33 95 70 239 78 90 98 231 27 6 5 124 39 70 100 12 48 32 86 60 66 215 97 101 63 151 45 1 20 188 2 132 14 178 48 227 7 113 83 83 48 219 83 213 16 206
-2147483610 25 806 90 157 95 188 87 152 61 208 1 58 44 114 24 158 21 63 16 84 96 158 25 8 8 18 37 138 95 47 41 25 1 75 73 239 5 148 56 165 42 142 89 213 2 31 49 56 38 159 56 83
-2147483609 25 925 27 200 37 87 87 181 90 204 91 75 92 228 60 160 87 162 23 106 31 162 99 49 50 2 32 246 23 173 62 197 3 221 59 96 24 114 11 33 27 2 43 46 92 7 83 196 68 13 21 245
-2147483608 25 709 70 48 18 49 20 123 18 106 18 199 21 51 68 197 59 227 25 171 4 128 70 116 70 153 49 128 40 41 56 149 14 65 79 79 46 245 81 158 40 247 43 151 19 25 39 192 1 158 45 10
-2147483607 25 898 14 36 51 208 76 248 34 36 16 225 74 73 16 131 61 153 51 102 24 225 40 165 51 144 76 223 35 190 52 198 80 165 94 75 49 171 29 207 83 110 73 142 73 220 9 84 49 148 74 182
-2147483606 25 976 49 33 39 248 71 35 88 13 90 100 84 173 6 193 99 136 46 70 37 71 72 23 85 112 97 234 78 114 53 130 19 4 66 141 1 90 70 221 41 149 29 62 29 84 2 69 88 118 56 61
-2147483605 25 738 76 68 34 150 72 75 54 125 76 15 2 234 8 167 50 19 3 49 96 108 79 60 68 19 58 174 35 113 17 225 70 229 17 6 52 222 33 11 39 20 11 100 2 43 7 128 25 22 71 52
-2147483604 25 978 52 124 45 49 57 5 89 229 47 12 82 40 97 245 19 119 87 126 52 62 58 154 65 149 79 177 11 9 80 203 24 78 31 171 51 218 70 97 79 42 44 149 33 99 58 126 87 109 1 96
-2147483603 25 888 68 147 100 81 18 197 3 70 82 205 9 15 13 99 74 159 27 110 2 12 61 114 65 231 85 54 43 179 65 108 10 83 2 24 65 48 88 170 48 175 50 140 76 157 96 124 26 54 93 70
-2147483602 25 786 27 133 73 226 46 145 12 220 30 192 31 98 10 81 49 186 52 92 42 247 7 229 55 205 54 125 32 200 72 61 8 244 78 201 88 57 39 248 11 169 76 104 7 213 74 139 59 64 92 2
-2147483601 25 908 24 246 93 196 81 115 29 28 26 249 36 83 97 31 14 211 35 130 84 114 20 148 87 65 44 151 82 8 86 184 4 24 72 240 88 130 42 40 63 169 16 246 1 30 11 35 97 114 66 199
-2147483600 25 947 91 213 39 193 11 207 38 231 86 57 66 223 33 93 85 50 89 67 36 129 95 127 50 237 63 150 9 146 6 186 38 239 60 192 73 175 60 25 62 112 33 68 34 162 65 48 85 132 46 50
