2147483647 25 1066 75 3 81 104 98 233 62 11 20 236 37 117 87 16 42 206 89 107 10 41 84 153 68 238 4 135 82 48 53 44 29 66 19 24 68 40 3 73 21 55 24 142 69 24 63 25 92 128 53 2
-2147483648 25 1094 68 90 62 89 31 164 90 30 85 103 30 33 68 121 23 87 64 62 64 211 47 218 41 37 97 9 25 219 55 193 89 56 14 126 58 110 16 117 56 249 88 213 13 138 34 87 90 243 60 134
-2147483647 25 876 82 15 41 55 21 92 26 113 25 200 23 31 2 88 63 149 79 195 7 87 78 235 20 224 50 132 24 98 50 208 93 77 89 83 53 23 70 196 55 235 58 191 7 150 12 172 20 226 47 64
-2147483646 25 954 25 59 20 110 13 171 97 91 8 115 20 249 77 21 33 74 18 6 8 179 97 164 48 6 26 147 71 112 49 43 70 184 41 223 18 132 58 35 89 162 60 21 65 91 17 242 66 85 99 183
-2147483645 25 1044 5 238 39 132 98 160 12 170 9 151 85 196 34 62 68 127 78 62 65 166 89 60 75 133 60 228 50 64 25 122 99 74 44 93 83 102 1 234 9 24 54 233 88 217 18 137 38 238 80 4
-2147483644 25 859 62 170 25 91 21 212 28 177 11 130 19 22 82 156 46 159 3 117 57 28 56 25 4 109 97 54 98 84 17 193 35 196 45 150 15 165 45 104 37 137 94 138 64 187 18 23 39 50 56 238
-2147483643 25 803 31 29 5 86 55 4 56 132 36 182 30 175 51 185 30 162 40 185 7 190 29 249 31 230 75 120 1 32 68 141 8 246 68 32 33 57 15 221 75 124 61 11 20 29 79 122 77 45 23 206
-2147483642 25 1233 94 129 82 61 44 141 72 110 69 99 1 192 38 171 89 176 91 8 59 164 53 49 70 179 31 120 21 17 66 108 89 148 95 177 84 93 27 139 81 240 95 203 73 82 50 153 3 100 65 154
-2147483641 25 936 6 42 81 187 88 28 23 21 18 221 51 17 48 113 78 77 83 10 86 158 100 202 45 180 14 234 33 40 33 243 78 95 14 145 13 4 69 88 10 217 23 152 94 176 6 176 1 219 75 216
-2147483640 25 1179 51 185 67 237 46 201 88 196 96 52 76 184 59 223 32 179 91 1 7 250 87 73 61 200 100 165 50 250 54 61 87 10 98 133 99 109 34 217 22 73 8 243 3 165 86 84 38 191 34 109
-2147483639 25 1029 77 50 73 91 100 180 3 125 72 139 74 145 60 180 11 144 16 110 44 93 73 128 34 188 17 50 9 136 97 105 98 181 62 175 9 154 42 27 12 34 66 213 72 63 57 205 83 179 26 66
-2147483638 25 803 9 247 78 106 74 236 63 205 49 147 24 114 31 214 16 99 47 143 50 145 71 40 43 103 41 248 23 58 71 122 50 198 48 67 22 52 21 210 3 173 43 66 15 182 12 75 13 145 87 156
-2147483637 25 877 16 143 78 146 99 47 58 53 42 70 70 228 7 43 18 71 38 97 12 101 8 135 67 56 27 195 53 98 36 98 1 129 97 198 10 236 98 167 16 99 95 214 31 4 3 121 30 100 87 104
-2147483636 25 1184 81 236 96 117 17 56 25 172 61 150 8 155 12 11 41 52 99 96 88 35 78 204 100 21 83 4 57 31 42 108 54 54 38 123 68 135 72 231 23 81 52 76 94 158 35 86 84 83 73 176
-2147483635 25 1056 47 126 52 116 59 87 48 36 48 223 58 3 11 236 50 196 48 53 71 177 54 56 1 118 85 89 82 171 69 135 39 38 4 227 61 156 26 22 77 181 98 84 73 20 28 58 87 190 45 142
-2147483634 25 1168 47 244 79 118 45 160 83 64 32 127 80 176 66 209 61 66 46 215 35 55 59 81 56 78 41 208 54 67 59 246 83 13 96 155 53 99 26 87 66 143 85 111 28 126 28 221 77 183 75 29
-2147483633 25 968 95 81 44 125 64 211 33 43 11 229 16 234 97 27 56 122 51 201 83 39 38 170 60 163 19 218 54 238 61 69 7 137 60 126 5 57 35 93 40 113 29 138 39 63 66 234 74 40 74 141
-2147483632 25 1147 32 29 24 227 77 106 78 75 37 96 58 109 93 42 94 243 40 71 35 199 73 158 35 29 88 1 5 153 17 197 18 119 91 104 39 167 84 41 97 51 55 133 64 117 70 144 44 24 86 196
-2147483631 25 952 89 147 41 59 70 72 24 187 90 99 54 18 87 109 49 63 10 80 41 15 53 238 59 40 42 72 74 215 39 147 64 68 18 12 51 218 34 184 62 58 14 37 31 250 58 197 25 169 11 165
-2147483630 25 988 74 157 61 81 79 7 61 130 89 248 11 131 26 70 57 190 15 226 50 190 14 157 91 110 63 121 23 219 16 82 54 223 96 36 22 184 17 205 26 14 81 90 58 18 64 36 83 195 5 81
-2147483629 25 1119 54 46 95 111 62 143 93 211 45 21 17 245 98 30 12 46 86 73 100 27 35 203 47 229 88 24 6 177 88 27 3 103 29 244 86 226 55 194 75 248 86 228 97 207 3 22 1 222 38 2
-2147483628 25 1180 100 180 82 114 64 174 56 173 41 107 80 108 84 21 41 172 99 239 47 182 95 80 64 229 15 167 1 39 55 95 17 136 10 245 100 182 68 137 42 20 97 54 51 202 30 229 50 70 87 239
-2147483627 25 1001 1 203 28 160 73 105 31 182 58 213 11 184 40 50 72 97 93 97 94 87 47 226 57 243 71 215 89 49 14 188 15 35 57 106 78 73 84 20 2 103 94 31 15 81 32 215 71 62 25 161
-2147483626 25 849 60 178 55 39 69 62 2 142 45 37 32 149 29 221 2 17 17 214 15 47 27 19 31 103 40 157 27 27 88 129 75 116 23 73 62 228 54 157 48 246 78 199 58 16 68 147 13 211 44 68
-2147483625 25 993 3 176 35 84 12 186 96 95 85 208 90 150 30 31 89 227 3 107 54 126 41 77 30 246 37 243 57 123 82 2 76 211 72 26 18 206 85 34 21 175 97 25 30 64 22 46 16 62 61 173
-2147483624 25 1115 75 4 100 12 100 91 2 141 86 208 58 154 68 71 72 213 11 141 99 77 26 237 41 139 20 155 74 90 87 86 5 153 36 12 66 88 41 169 92 66 51 122 88 44 77 148 3 218 16 2
-2147483623 25 1148 18 104 96 145 97 39 20 175 52 16 5 141 68 99 61 83 75 5 1 165 28 127 15 39 68 228 75 176 79 224 71 240 31 166 54 69 82 184 98 82 80 4 89 117 41 125 80 39 52 200
-2147483622 25 994 82 199 31 240 95 246 88 172 69 164 59 99 62 223 6 37 17 219 89 34 21 169 15 23 15 139 59 236 72 26 75 132 90 12 49 210 3 89 53 178 1 27 11 155 100 41 77 40 4 162
-2147483621 25 1015 30 60 33 110 33 116 100 229 41 177 2 37 24 228 20 179 75 55 7 68 93 19 38 9 70 94 20 114 54 59 11 207 48 106 27 200 89 66 72 73 97 182 44 50 64 157 92 96 85 246
-2147483620 25 1116 66 194 6 8 81 188 41 2 21 235 25 77 77 178 73 8 52 153 29 56 91 65 96 85 46 147 97 92 97 202 35 156 59 102 66 98 16 15 40 91 100 159 67 190 35 98 79 215 1 19
-2147483619 25 893 8 226 34 8 24 197 62 51 16 147 1 126 21 148 91 216 98 16 92 94 43 228 1 23 67 89 49 114 22 122 53 73 39 216 33 157 65 235 83 201 53 210 31 184 43 54 60 102 28 128
-2147483618 25 1297 78 176 43 197 80 24 15 69 55 89 76 20 65 37 94 241 78 147 91 151 40 107 45 175 16 218 92 189 28 48 27 15 90 172 85 172 78 247 96 82 34 179 41 246 87 86 95 159 93 212
-2147483617 25 833 24 80 28 170 2 108 55 232 19 206 12 112 88 3 14 181 70 229 71 163 24 12 37 161 3 57 99 243 87 228 82 25 24 23 78 62 52 80 18 176 15 73 15 5 30 71 75 248 20 113
-2147483616 25 1034 65 109 50 2 8 131 24 15 50 24 97 78 20 50 41 242 45 231 29 155 63 106 91 194 45 52 6 46 20 63 64 210 69 32 85 189 65 20 82 36 18 195 46 92 98 214 34 106 78 154
-2147483615 25 844 4 100 4 237 18 119 16 56 66 87 48 72 19 39 42 8 91 15 11 180 21 71 50 164 65 119 51 245 90 71 60 234 68 157 88 213 11 7 8 190 38 137 5 140 70 115 59 152 52 174
-2147483614 25 991 33 180 98 206 38 156 30 220 61 48 16 49 13 210 82 250 69 230 3 191 68 100 31 181 96 2 19 136 62 175 24 235 42 53 76 198 84 13 67 109 24 207 63 90 67 112 36 90 37 96
-2147483613 25 1093 13 11 79 108 77 185 44 238 28 13 65 129 99 17 73 186 86 140 80 131 100 9 36 155 40 5 7 188 38 107 14 124 47 229 93 59 66 91 19 233 41 208 45 99 90 43 14 189 73 233
-2147483612 25 1086 28 180 97 157 34 90 65 99 11 6 83 60 52 73 16 111 53 202 81 178 74 54 55 46 61 111 36 187 20 21 68 118 80 160 10 33 100 186 53 26 77 88 35 71 65 124 73 43 31 133
-2147483611 25 1075 89 10 75 107 22 88 87 144 10 15 66 193 53 113 41 157 59 101 37 28 51 34 47 213 42 26 35 36 28 161 68 39 69 104 58 226 77 111 48 215 51 32 63 8 58 9 66 41 44 7
-2147483610 25 1096 28 236 16 184 80 144 84 34 72 27 78 98 26 115 81 210 36 143 29 209 43 196 97 14 82 136 9 118 71 131 50 244 47 163 71 64 23 136 39 237 65 43 34 228 63 36 75 247 72 7
-2147483609 25 911 83 36 82 196 20 157 33 71 10 7 81 148 1 67 25 178 53 117 26 229 42 225 9 188 81 178 90 139 70 152 59 130 75 99 30 237 2 156 23 29 65 8 71 162 30 237 36 206 42 152
-2147483608 25 1245 74 207 51 204 58 79 53 118 88 55 8 114 74 207 85 9 78 217 66 250 99 76 3 171 96 82 63 77 15 11 92 221 87 106 70 111 74 55 92 152 44 248 6 43 82 227 21 147 78 215
-2147483607 25 1085 59 188 17 154 44 29 95 17 42 22 11 84 97 244 76 166 42 123 89 83 10 80 33 39 49 35 7 174 73 209 56 78 59 179 93 5 83 216 9 62 96 48 58 230 17 83 59 146 83 116
-2147483606 25 1042 92 230 78 59 8 67 38 34 96 24 97 128 41 138 23 83 58 13 20 164 30 36 85 219 7 3 21 162 60 8 11 127 95 222 75 5 16 29 16 28 21 30 63 154 67 212 95 61 90 34
-2147483605 25 1015 90 49 28 185 8 86 75 70 99 86 31 24 85 64 98 147 28 33 70 106 25 227 55 216 52 53 71 116 46 152 60 87 81 219 9 218 22 209 15 51 18 114 30 6 71 69 61 245 41 78
-2147483604 25 1151 40 162 22 236 52 184 16 55 20 152 83 199 96 157 67 10 50 222 88 161 9 13 10 96 8 201 66 171 79 16 100 45 72 52 13 56 95 69 45 35 88 67 94 208 90 151 87 97 49 185
-2147483603 25 1152 3 144 79 32 96 216 94 154 55 178 68 134 89 97 75 3 61 171 29 13 83 41 32 189 99 52 36 215 60 211 60 155 42 97 75 93 25 170 99 198 39 165 33 70 5 17 29 163 75 143
-2147483602 25 1116 71 144 74 4 33 181 22 172 58 203 53 44 44 236 56 45 32 202 86 74 60 60 96 230 52 250 99 201 65 184 38 88 31 26 37 159 83 146 33 101 40 213 58 207 80 34 1 27 94 214
-2147483601 25 784 40 133 10 89 45 152 35 109 41 250 17 196 35 119 89 178 11 177 30 108 11 173 28 171 52 18 82 129 18 188 37 144 29 115 93 183 7 69 17 119 28 83 26 155 81 35 33 229 85 156
-2147483600 25 1016 35 238 32 155 64 206 69 113 34 215 20 176 44 120 16 90 21 56 64 93 70 226 71 238 52 127 9 212 42 233 47 190 89 195 38 130 61 16 97 234 93 42 64 89 65 199 72 214 2 86
