2147483647 25 1143 4 100 71 134 35 82 14 108 92 46 18 73 14 192 6 215 47 163 96 21 10 71 36 109 93 249 63 193 52 20 97 140 48 169 10 205 100 56 25 228 41 106 21 134 19 65 40 163 91 88
-2147483648 25 1307 74 1 64 22 44 141 9 15 34 150 14 75 16 153 98 62 43 243 47 170 89 218 10 22 41 72 35 200 94 63 15 167 26 196 76 173 35 209 75 169 44 222 98 148 50 236 84 231 92 77
-2147483647 25 1204 61 200 18 175 89 145 99 57 38 230 48 132 59 182 31 85 42 163 18 41 33 152 5 73 20 136 24 10 47 38 35 17 95 130 77 207 10 188 6 119 67 132 100 64 26 77 60 167 96 192
-2147483646 25 1405 83 69 38 220 57 143 43 200 61 222 95 238 96 224 47 180 72 142 47 193 4 35 30 10 40 137 35 247 22 74 76 11 57 32 92 34 70 85 94 76 23 221 26 45 78 181 90 124 29 93
-2147483645 25 1217 27 82 51 140 37 226 11 177 89 78 1 160 36 143 77 68 71 115 62 161 76 210 53 3 2 75 74 229 80 5 29 14 35 198 61 178 70 178 42 145 3 105 22 94 99 245 65 174 44 65
-2147483644 25 1114 34 50 10 215 21 28 16 236 3 237 97 78 100 77 10 152 2 198 32 109 37 85 86 146 72 210 57 91 54 250 62 218 20 179 73 101 83 221 35 212 83 77 16 207 62 64 44 158 5 188
-2147483643 25 990 7 104 10 229 100 202 76 140 17 72 56 197 16 188 50 222 16 81 78 125 17 150 81 82 43 104 58 215 5 156 62 27 4 176 2 8 51 193 59 169 6 37 46 55 90 240 11 13 29 219
-2147483642 25 1373 55 113 48 88 78 226 77 89 76 203 98 93 92 4 8 234 5 145 71 158 26 191 78 178 99 168 68 22 72 238 97 67 41 109 62 45 34 95 54 24 19 127 47 26 52 135 4 141 12 185
-2147483641 25 1343 20 92 51 243 8 121 65 187 57 91 70 132 63 26 97 61 28 75 63 202 40 202 32 215 91 209 40 236 40 128 68 148 88 45 57 238 67 51 70 57 57 100 76 49 50 179 44 194 1 14
-2147483640 25 1331 59 101 87 224 27 193 73 164 72 32 17 98 72 10 58 70 99 58 49 173 46 12 9 52 25 146 92 169 36 233 73 235 34 148 84 148 37 141 25 18 69 103 47 102 45 9 69 110 27 42
-2147483639 25 1030 13 180 22 54 93 114 80 212 13 38 78 215 10 27 45 232 70 202 49 236 88 44 36 86 58 201 38 66 25 160 43 93 36 160 59 71 10 94 13 55 53 226 8 155 1 131 55 176 34 8
-2147483638 25 1082 65 53 21 1 56 196 81 232 5 12 57 119 42 230 12 249 21 52 37 83 43 225 23 125 52 59 3 15 94 88 9 147 57 73 59 29 8 97 5 30 44 152 60 212 53 176 84 182 91 52
-2147483637 25 1005 6 83 11 71 83 155 52 213 68 115 21 191 5 191 6 157 88 32 2 230 25 112 53 209 30 12 54 33 78 112 34 207 78 111 12 152 7 158 46 185 9 165 50 33 43 138 76 75 68 193
-2147483636 25 1150 22 230 22 185 76 127 79 73 64 141 74 244 39 128 42 125 12 120 14 143 22 55 23 180 35 162 27 26 95 236 88 41 87 22 91 155 60 173 91 59 25 162 21 160 16 157 14 68 11 68
-2147483635 25 1466 85 82 49 18 5 209 72 77 94 166 26 202 83 29 90 181 73 123 42 160 73 166 29 233 31 109 56 110 71 167 71 138 100 49 62 8 3 84 34 241 100 148 77 204 71 165 54 108 15 238
-2147483634 25 1324 7 218 62 87 81 230 79 91 36 123 3 17 4 5 26 164 5 72 99 97 25 246 98 4 80 169 68 84 11 206 29 43 70 226 52 124 82 74 86 44 79 221 24 206 91 125 48 238 79 116
-2147483633 25 1152 34 8 45 78 5 61 99 179 58 23 54 216 26 57 77 194 73 146 7 144 76 214 46 249 68 91 50 38 32 69 62 162 31 15 96 88 30 237 7 219 4 151 74 74 83 125 7 138 8 35
-2147483632 25 1611 13 209 99 146 83 166 95 80 82 64 60 107 91 225 49 215 25 196 81 78 66 210 92 98 14 185 89 51 29 242 35 103 80 83 100 157 100 235 95 202 20 134 24 24 43 180 96 169 50 190
-2147483631 25 1314 99 39 60 225 55 183 64 109 94 231 41 69 34 50 61 83 83 150 27 192 41 115 30 160 56 183 36 127 41 214 27 98 1 215 29 139 60 231 99 132 85 98 80 45 59 102 51 104 1 194
-2147483630 25 1115 18 103 24 120 5 197 21 100 30 153 26 139 100 66 42 72 82 1 21 202 53 13 20 83 23 197 74 183 20 185 51 95 15 185 86 48 53 16 60 204 68 211 37 168 11 196 96 231 79 41
-2147483629 25 1243 73 79 22 231 65 110 71 94 18 227 12 169 29 65 42 36 46 234 21 11 75 220 89 29 55 248 90 127 92 170 67 160 100 221 57 159 32 68 1 123 18 31 17 116 39 145 61 208 51 203
-2147483628 25 1245 88 65 69 191 37 60 76 66 75 166 95 103 31 234 30 216 57 153 14 144 11 78 70 67 78 19 85 95 91 89 20 195 61 221 54 245 12 73 25 216 96 46 28 64 12 141 12 171 18 63
-2147483627 25 1297 26 69 57 237 55 84 3 97 72 232 74 227 71 88 79 61 33 226 54 143 77 122 76 9 75 218 60 216 56 193 12 202 5 169 76 148 1 194 98 181 70 179 63 101 7 104 65 98 32 46
-2147483626 25 1151 97 20 67 179 12 103 59 179 27 34 49 96 95 133 6 174 13 16 47 25 79 43 82 103 58 219 83 56 27 35 41 57 22 17 94 83 48 131 5 187 66 132 13 150 6 46 30 45 25 191
-2147483625 25 1359 28 7 94 22 44 127 97 65 73 57 40 32 45 153 20 97 95 168 91 246 42 142 51 136 17 143 73 115 75 242 23 7 100 40 12 107 67 18 69 97 30 20 52 187 69 177 14 157 38 10
-2147483624 25 1253 62 199 61 31 34 193 69 15 23 110 3 114 47 4 61 144 45 68 65 32 66 235 21 44 69 223 89 204 52 65 86 33 6 115 25 97 23 235 45 115 38 118 92 210 49 131 42 233 80 14
-2147483623 25 1283 6 114 100 65 63 170 15 127 50 167 77 87 80 205 81 11 21 10 99 163 50 90 13 103 20 153 94 152 54 182 67 148 18 165 85 201 34 249 31 208 66 19 18 114 89 246 50 24 2 120
-2147483622 25 1466 75 129 84 218 93 9 48 214 65 4 58 77 61 189 97 114 56 75 46 217 13 28 94 76 57 208 29 15 93 77 54 168 83 94 54 187 41 4 60 14 3 45 36 160 94 80 10 123 62 136
-2147483621 25 1007 36 186 66 74 5 54 13 84 28 11 65 203 72 116 19 62 21 150 27 203 65 73 99 2 93 230 33 6 41 236 57 191 69 55 6 184 44 44 7 177 22 178 52 233 18 177 18 96 31 110
-2147483620 25 1346 20 238 74 45 96 165 10 71 69 127 23 62 27 228 47 81 65 224 50 178 61 180 43 31 65 149 83 206 98 32 27 42 8 249 35 9 66 111 32 83 95 135 58 54 46 10 54 24 94 9
-2147483619 25 1466 81 134 76 58 66 100 83 121 23 200 61 121 97 171 48 79 72 32 76 8 46 177 58 9 93 6 8 115 12 2 50 232 55 62 16 49 65 244 68 217 78 71 35 185 97 207 6 171 96 202
-2147483618 25 1393 72 103 52 72 45 108 31 131 90 107 53 97 35 17 64 126 27 69 48 235 14 63 23 123 99 47 32 10 88 67 85 147 68 90 88 32 79 45 65 170 61 43 7 239 24 174 46 125 97 234
-2147483617 25 1338 44 27 19 165 60 43 85 228 21 179 18 14 30 214 42 43 98 51 35 156 89 239 80 237 91 8 65 92 53 153 30 242 72 121 63 78 66 117 23 216 18 100 92 120 25 83 65 57 54 250
-2147483616 25 1100 85 104 96 161 37 216 68 1 23 51 61 132 17 82 1 197 64 165 26 215 52 108 26 110 91 126 77 139 73 75 56 145 72 126 23 19 37 224 8 148 10 172 12 66 2 31 5 163 78 75
-2147483615 25 1187 51 75 73 191 74 159 27 126 19 249 81 186 58 129 25 199 60 153 69 168 20 196 36 79 5 92 44 23 2 54 39 131 52 29 29 63 75 137 75 234 54 138 68 28 7 230 91 164 53 148
-2147483614 25 1054 33 182 38 170 5 104 5 120 51 16 70 222 59 53 1 217 46 187 41 52 69 237 76 89 6 206 28 240 48 201 55 201 54 231 49 144 34 132 6 210 59 187 73 43 96 182 4 104 48 111
-2147483613 25 1224 63 39 40 95 51 112 21 196 41 171 59 240 49 30 88 241 70 54 49 187 6 19 50 195 25 113 51 69 87 244 72 122 13 28 87 159 56 18 42 241 76 2 93 59 13 200 20 204 2 171
-2147483612 25 1307 57 17 76 14 85 1 51 87 28 93 33 249 86 112 11 181 9 166 80 125 63 136 51 137 78 157 35 244 45 90 66 1 43 104 6 67 42 141 62 174 94 234 69 198 39 199 52 116 46 77
-2147483611 25 1308 97 20 85 117 63 157 10 243 60 134 33 64 54 189 67 150 3 22 16 159 78 24 57 117 89 237 26 99 41 178 71 93 80 138 84 104 18 233 39 194 47 179 4 1 47 176 60 123 79 190
-2147483610 25 1015 13 141 86 173 3 184 64 71 13 12 100 207 42 196 38 64 20 139 19 147 34 162 31 91 65 193 7 62 26 212 1 96 41 214 8 109 59 178 72 179 76 178 55 44 50 231 44 174 48 154
-2147483609 25 1123 28 202 27 145 17 228 35 58 16 152 8 42 99 122 2 15 93 152 77 160 33 131 35 217 70 210 79 33 54 66 75 203 7 2 39 60 92 184 47 20 35 138 25 82 4 66 39 239 87 39
-2147483608 25 1269 60 48 68 235 6 94 78 211 51 78 11 63 13 43 26 128 41 44 25 219 26 147 43 124 92 115 76 75 42 157 46 2 82 32 95 219 51 181 72 2 4 204 26 39 99 128 67 98 69 227
-2147483607 25 1183 27 234 50 173 43 101 15 46 71 141 81 39 57 157 29 128 50 196 24 53 79 67 3 10 42 3 55 20 41 58 99 167 17 119 36 149 88 127 78 145 7 147 74 159 22 4 15 178 80 96
-2147483606 25 1211 93 145 65 237 62 16 96 42 15 90 40 32 3 141 60 96 16 119 89 235 6 239 53 197 59 185 80 185 45 148 12 93 18 191 32 198 83 69 96 242 64 89 10 165 92 173 5 19 17 232
-2147483605 25 1340 1 54 89 134 100 118 28 199 21 180 39 81 9 140 9 101 35 229 68 76 89 77 66 244 97 143 67 2 65 206 94 164 4 204 19 10 29 115 84 123 18 55 82 65 78 226 67 31 82 84
-2147483604 25 1160 43 175 65 21 67 153 66 83 62 74 16 138 95 48 37 35 23 163 60 16 15 193 29 240 3 15 86 173 19 169 3 152 38 168 69 10 28 85 37 224 64 131 45 146 72 202 72 236 46 79
-2147483603 25 1048 1 149 9 72 56 29 35 103 81 132 9 208 14 114 50 205 50 194 16 216 67 198 39 28 38 26 92 23 5 93 41 13 97 123 34 129 61 171 93 103 21 2 25 85 46 185 16 239 52 79
-2147483602 25 1075 82 46 11 51 30 119 31 52 57 88 58 244 40 135 47 185 6 18 42 244 49 156 99 181 97 111 46 30 40 244 44 53 16 135 42 112 2 180 66 145 7 57 56 117 77 5 21 205 9 156
-2147483601 25 1205 80 143 25 194 30 52 22 188 33 153 73 190 82 219 30 59 32 78 96 243 89 5 20 111 49 241 47 173 78 138 32 143 12 139 35 103 77 141 16 22 17 221 85 248 76 37 23 20 46 44
-2147483600 25 1115 5 87 20 61 79 171 21 62 38 246 80 171 56 229 24 225 33 250 46 121 9 158 37 234 62 31 8 211 20 134 2 61 88 53 49 167 90 172 92 66 67 178 95 56 63 46 13 237 18 146
