2147483647 25 552 19 196 54 83 2 139 69 186 57 248 33 246 72 168 12 210 80 130 78 118 16 238 58 249 27 146 84 180 78 50 79 241 99 79 30 249 87 246 74 108 98 17 42 172 74 132 53 133 5 76
-2147483648 25 406 1 50 25 144 20 129 16 8 24 235 23 5 90 53 34 49 21 50 18 235 63 37 1 10 84 185 57 90 27 152 66 67 81 228 85 250 43 1 3 164 94 65 68 210 47 1 4 168 21 52
-2147483647 25 450 61 208 36 154 87 46 35 109 55 155 5 51 89 212 11 182 85 134 73 218 19 167 13 215 51 149 87 135 27 17 75 218 90 25 49 191 28 209 20 206 45 59 3 84 9 33 6 232 67 197
-2147483646 25 565 80 213 46 232 71 241 52 144 51 196 64 62 66 133 35 34 30 156 97 122 45 104 73 117 75 202 60 202 74 65 60 132 11 13 46 205 2 243 40 129 76 7 77 101 56 27 54 213 73 127
-2147483645 25 509 34 43 93 16 64 168 87 59 48 150 49 19 13 150 13 145 42 35 55 202 66 76 84 104 71 98 52 61 24 62 75 145 42 167 64 14 34 126 29 203 11 195 89 57 38 2 81 197 15 88
-2147483644 25 498 60 200 66 106 22 89 82 183 60 13 98 86 63 99 1 67 46 86 77 185 16 218 52 10 10 222 5 225 68 48 25 67 99 226 69 51 26 126 94 213 56 228 20 46 31 50 45 189 54 54
-2147483643 25 490 50 174 9 2 73 46 90 194 8 142 97 83 84 239 24 131 16 122 3 22 34 145 100 132 76 76 73 52 6 67 43 138 96 127 56 172 69 113 47 192 2 107 10 213 39 82 38 135 82 99
-2147483642 25 557 63 37 98 156 68 184 93 101 94 247 67 90 54 157 87 24 32 139 55 194 33 140 21 105 41 147 75 195 13 139 18 187 71 37 38 95 88 75 78 205 29 112 18 205 8 11 92 96 60 114
-2147483641 25 596 16 229 2 91 34 105 95 19 20 18 63 93 82 82 52 47 71 99 49 121 22 192 93 97 59 250 43 123 39 7 95 135 94 240 91 68 38 212 35 144 92 244 95 184 31 115 93 2 86 102
-2147483640 25 439 49 16 17 104 45 188 42 219 25 199 91 47 34 210 15 59 12 130 9 115 10 1 43 9 74 183 50 164 74 86 7 56 41 58 64 213 99 12 73 56 85 157 42 45 47 139 42 145 8 124
-2147483639 25 448 4 42 50 116 20 58 20 173 89 232 4 237 15 109 18 196 29 40 84 3 38 169 64 198 85 26 35 66 69 105 76 180 59 63 19 196 48 94 48 92 31 127 32 113 94 122 24 57 65 16
-2147483638 25 638 24 6 74 219 82 146 98 39 85 165 57 150 38 38 85 139 94 82 93 102 70 58 91 1 68 213 49 228 8 34 97 78 16 176 19 242 29 41 12 32 83 172 73 49 84 144 76 193 91 170
-2147483637 25 489 18 149 91 22 60 147 94 22 50 3 22 116 32 93 17 126 34 113 67 114 58 122 14 77 69 245 88 109 75 195 12 232 38 6 2 242 61 237 6 26 96 68 57 69 65 183 78 245 19 111
-2147483636 25 368 43 191 93 143 7 153 55 237 5 74 73 39 23 24 18 58 7 196 18 29 89 34 39 113 41 6 19 47 1 92 63 108 13 140 1 50 17 137 15 53 85 218 37 16 97 136 30 7 33 119
-2147483635 25 500 15 54 61 131 67 4 55 212 21 137 22 208 98 86 39 245 54 140 53 171 77 93 55 34 44 129 68 182 54 2 20 170 22 202 21 221 83 188 73 6 30 236 85 70 29 60 26 205 80 196
-2147483634 25 448 51 141 15 13 70 146 57 94 31 26 39 127 79 150 32 247 49 34 74 53 16 9 16 1 31 109 25 141 26 9 35 189 60 124 81 74 8 92 67 96 47 13 89 63 65 51 24 33 34 243
-2147483633 25 479 34 122 1 123 50 79 93 184 88 45 77 56 93 91 72 183 66 197 10 81 17 142 38 14 82 5 26 13 15 148 3 122 8 7 98 142 34 226 30 55 8 17 44 2 43 38 74 22 94 209
-2147483632 25 407 41 27 40 196 17 54 81 104 27 237 1 73 44 21 32 104 65 164 32 237 88 98 2 78 40 111 46 34 53 100 97 235 51 92 72 167 59 130 9 213 47 22 14 226 17 113 32 204 11 157
-2147483631 25 508 76 245 2 193 29 104 22 187 55 186 15 129 68 162 89 100 32 117 92 99 32 96 48 113 29 162 91 150 46 3 23 55 99 62 99 68 66 51 2 52 95 40 72 156 81 151 2 30 7 234
-2147483630 25 484 52 96 32 248 84 152 64 184 21 24 75 109 32 183 68 75 1 84 50 4 54 111 18 65 7 245 86 21 10 232 2 152 31 85 60 35 95 59 88 38 33 155 59 160 36 65 94 89 60 110
-2147483629 25 394 37 33 88 136 39 236 52 61 3 154 17 12 23 119 39 205 62 82 6 123 48 96 11 15 3 115 32 241 82 227 40 45 4 70 72 106 23 60 67 62 86 209 30 19 31 169 90 231 1 238
-2147483628 25 635 42 120 34 130 54 89 98 214 32 198 76 178 97 199 99 173 22 53 93 220 46 195 72 187 86 6 43 187 95 107 70 89 91 7 88 111 39 214 30 174 65 14 41 153 85 99 30 17 61 57
-2147483627 25 531 95 15 1 165 81 215 68 58 61 157 66 76 98 140 33 214 100 178 71 74 41 88 35 203 96 50 21 65 27 203 49 52 87 123 87 169 35 137 91 239 17 140 26 38 12 146 1 28 29 178
-2147483626 25 538 41 174 6 188 51 5 95 178 28 53 52 191 42 98 25 71 7 150 83 243 55 250 53 201 15 160 39 37 76 169 86 39 37 230 91 218 94 214 58 53 7 25 98 121 49 56 77 139 82 149
-2147483625 25 570 53 93 59 12 18 184 69 139 89 110 23 186 60 149 66 125 47 148 36 12 81 105 15 194 91 158 100 168 19 205 27 177 19 213 76 89 59 111 91 118 88 35 22 118 74 217 98 49 46 82
-2147483624 25 427 24 66 75 96 4 162 2 9 32 50 86 145 91 10 43 166 40 5 11 76 49 246 44 175 46 43 57 106 37 7 75 151 29 123 99 82 14 250 36 114 20 53 4 27 25 116 77 160 48 217
-2147483623 25 544 94 242 85 95 67 76 55 57 73 228 26 118 52 135 97 124 87 26 50 56 56 174 44 147 81 171 5 142 32 132 44 65 50 71 64 39 59 46 39 77 9 159 78 150 18 186 10 9 85 148
-2147483622 25 466 26 100 29 173 99 22 38 8 66 174 56 22 96 13 38 147 21 239 77 146 27 215 22 11 46 97 79 139 43 156 15 170 2 108 37 1 52 186 4 43 44 148 26 97 65 157 98 211 59 186
-2147483621 25 512 43 211 61 161 89 15 3 167 62 112 29 190 13 77 19 124 31 177 24 86 88 168 94 33 6 144 76 9 42 85 78 211 19 95 49 17 44 127 73 13 96 5 81 20 33 249 58 158 71 203
-2147483620 25 552 97 144 49 226 71 136 48 117 58 223 81 88 74 247 73 54 6 42 73 196 22 169 80 6 76 30 2 83 75 181 14 180 30 156 62 1 17 24 47 185 99 69 9 179 27 205 93 79 99 162
-2147483619 25 472 10 50 33 225 23 20 2 61 41 192 97 136 49 65 17 26 27 83 20 184 8 45 1 41 90 68 98 206 59 241 47 172 17 198 59 97 87 150 63 68 37 148 82 212 86 246 95 29 32 35
-2147483618 25 480 85 96 32 214 55 53 13 131 3 178 49 125 40 162 29 245 4 39 58 166 43 235 26 61 79 26 23 182 22 134 87 16 92 46 92 116 40 12 99 106 76 117 93 39 12 53 13 37 37 176
-2147483617 25 347 81 198 64 15 4 106 16 64 15 95 79 4 45 176 20 90 17 148 41 37 2 41 62 233 32 181 14 111 87 127 15 169 30 196 73 82 21 223 58 88 27 91 37 177 7 140 7 58 15 118
-2147483616 25 534 38 40 64 246 9 236 71 57 39 144 74 133 25 7 32 245 36 129 87 233 87 34 30 57 85 90 79 227 59 234 38 240 9 3 95 45 96 163 41 84 23 35 87 118 17 44 45 129 70 79
-2147483615 25 515 45 139 45 184 79 73 10 143 20 170 51 144 64 148 59 145 77 134 23 44 87 113 32 184 92 119 91 92 99 150 68 108 16 32 17 235 42 65 51 153 94 3 19 144 61 192 16 93 31 95
-2147483614 25 538 55 43 83 214 91 187 33 203 12 80 42 198 75 142 92 229 51 84 18 3 95 29 3 33 69 156 90 211 100 50 23 136 37 13 40 68 80 182 9 227 5 124 70 198 6 155 71 141 95 221
-2147483613 25 549 58 224 100 149 3 172 22 230 53 53 12 188 76 120 80 37 75 149 88 208 51 229 33 51 71 96 82 104 95 192 30 128 66 73 11 170 98 81 60 127 54 178 26 71 20 13 44 236 65 77
-2147483612 25 502 78 37 22 24 35 232 48 42 34 105 94 159 93 148 93 9 27 226 36 217 41 222 58 166 17 192 72 150 71 90 91 120 51 31 58 214 5 12 2 97 47 238 2 98 54 237 43 202 85 195
-2147483611 25 556 68 64 67 62 92 208 2 157 43 180 99 83 20 123 46 192 35 126 82 91 89 70 31 227 68 212 86 24 66 175 88 81 96 133 57 216 36 145 49 197 30 118 12 124 96 144 26 76 8 19
-2147483610 25 534 67 242 36 243 88 6 82 181 12 117 43 248 79 93 52 90 24 220 94 181 67 59 20 197 73 39 36 247 46 109 6 29 40 104 9 68 44 226 100 139 37 104 55 40 79 16 52 5 95 113
-2147483609 25 446 75 152 69 235 40 103 9 189 40 136 19 115 66 147 87 186 86 76 65 213 86 4 27 100 17 13 47 171 7 101 14 203 1 205 75 101 24 210 16 157 39 86 9 11 93 238 79 196 26 107
-2147483608 25 539 64 29 44 224 52 153 95 243 30 4 38 107 83 96 25 143 79 119 41 235 11 198 28 47 84 52 14 154 99 98 5 156 51 121 52 4 10 116 99 96 48 91 81 75 75 14 87 132 54 70
-2147483607 25 480 47 159 7 187 82 225 96 239 52 235 35 140 56 213 4 20 87 33 54 213 52 3 22 81 31 239 38 44 48 227 46 237 54 130 69 90 42 160 32 233 58 165 49 35 51 132 22 93 66 188
-2147483606 25 544 22 42 77 108 49 17 39 217 24 216 78 173 81 78 21 124 67 157 14 245 56 179 64 12 86 36 58 17 52 58 82 183 40 145 17 222 65 136 75 222 41 130 58 53 83 197 71 125 42 211
-2147483605 25 456 48 243 56 29 2 102 26 148 48 192 83 74 50 55 88 165 11 129 21 213 40 152 37 244 82 50 76 131 70 43 37 43 15 230 29 40 33 134 75 200 31 143 10 200 79 241 46 222 48 165
-2147483604 25 449 74 220 27 27 86 20 31 153 60 250 79 240 17 231 88 113 8 51 99 207 1 72 40 24 9 46 6 136 8 134 21 203 42 116 92 66 55 55 88 35 22 164 10 96 58 244 84 163 18 204
-2147483603 25 416 48 44 11 219 27 47 6 81 74 33 86 234 94 67 40 214 53 235 8 101 8 72 6 44 67 158 15 125 28 81 32 190 50 105 64 192 61 173 9 84 83 237 27 190 22 166 62 186 61 171
-2147483602 25 554 15 170 97 50 86 160 83 1 14 27 33 113 87 206 87 125 60 118 19 170 81 3 63 18 78 210 74 96 58 84 7 181 2 8 92 217 67 187 87 201 86 48 26 180 2 30 22 152 59 101
-2147483601 25 439 29 98 42 228 47 46 75 50 57 81 54 158 5 137 67 241 42 82 71 70 14 141 47 96 28 121 51 123 9 23 90 93 48 77 28 236 50 7 14 15 35 168 69 99 22 87 36 158 68 17
-2147483600 25 506 91 202 63 95 19 226 87 172 40 238 78 73 33 64 60 151 20 23 63 85 15 244 1 208 37 57 18 181 86 213 79 192 66 103 15 211 32 2 53 178 96 77 1 70 57 150 88 190 69 127
