2147483647 25 706 10 208 48 26 67 212 33 210 57 47 69 89 96 86 77 25 19 20 11 178 80 16 2 198 35 144 39 55 34 19 73 107 91 51 53 142 5 215 41 154 5 23 97 249 44 184 10 153 82 50
-2147483648 25 744 33 151 26 84 40 150 91 196 82 61 86 136 67 191 75 49 34 199 6 184 42 24 83 95 9 65 12 45 87 232 38 48 53 159 53 231 24 108 71 13 68 141 60 85 33 86 54 165 14 146
-2147483647 25 810 40 137 68 55 93 191 48 10 95 86 97 80 53 123 96 14 42 47 49 30 24 40 69 208 50 3 18 7 67 77 61 15 86 71 28 195 5 187 82 247 9 196 31 155 28 64 67 172 45 39
-2147483646 25 820 81 170 31 123 51 202 50 170 84 42 99 110 23 210 73 124 62 193 25 109 76 83 22 15 95 123 32 154 18 189 77 247 44 20 48 235 89 244 62 179 14 150 16 91 44 219 86 13 65 25
-2147483645 25 756 49 100 43 176 46 93 20 194 99 93 54 189 36 241 84 208 91 180 81 130 44 237 12 146 31 138 46 41 61 27 26 22 51 171 79 241 6 245 74 11 35 68 80 177 24 158 54 34 35 86
-2147483644 25 802 66 195 29 193 37 149 32 206 76 231 93 3 1 108 70 199 40 187 78 34 79 31 41 147 83 159 22 92 78 142 71 106 35 250 20 178 59 128 54 86 44 116 36 110 90 12 24 73 80 2
-2147483643 25 631 43 146 13 207 17 239 47 97 32 59 96 8 66 76 3 212 2 154 36 137 96 198 1 77 23 225 36 115 19 36 47 153 73 147 44 224 55 225 29 216 13 59 90 197 54 229 64 138 53 247
-2147483642 25 873 10 121 78 26 79 1 1 35 46 48 29 230 80 2 51 59 90 13 14 45 92 66 42 201 5 238 72 169 51 62 67 150 73 110 70 130 44 175 66 225 89 235 82 171 95 82 92 210 38 13
-2147483641 25 573 2 72 31 108 9 89 39 202 3 222 6 173 49 195 13 45 30 142 88 239 47 191 89 71 45 208 61 91 67 245 42 172 27 180 12 89 8 126 16 25 39 53 79 217 99 230 5 72 49 231
-2147483640 25 858 24 237 69 32 23 33 96 209 50 157 82 226 32 20 63 108 43 174 93 148 80 79 80 146 19 197 51 57 8 246 15 78 94 208 44 40 96 99 100 113 2 201 36 83 88 244 76 77 67 173
-2147483639 25 714 90 116 1 174 5 46 49 137 41 139 54 139 87 116 39 77 62 85 70 153 79 180 42 35 5 73 12 202 60 196 50 124 25 125 19 73 69 168 84 23 23 93 65 23 83 7 40 112 37 24
-2147483638 25 854 6 39 82 117 30 215 76 101 67 89 19 40 85 107 66 9 72 84 71 140 43 232 93 17 2 189 10 104 21 115 51 65 62 80 73 226 18 120 31 210 84 123 100 170 92 163 71 159 99 103
-2147483637 25 691 20 102 34 30 48 89 88 142 77 19 3 68 33 160 59 14 54 191 54 211 60 91 34 149 5 63 25 188 89 57 17 19 64 125 20 26 86 17 68 154 14 174 89 117 34 119 53 218 24 14
-2147483636 25 796 72 209 42 12 43 115 30 168 21 45 90 93 26 132 87 113 64 180 52 76 34 164 100 56 12 83 70 160 20 233 70 229 77 28 97 49 57 65 87 194 44 190 15 174 29 3 15 230 73 164
-2147483635 25 758 22 16 31 54 29 107 55 245 7 186 91 190 66 168 87 156 87 109 88 182 21 79 49 89 1 194 37 38 70 24 81 228 16 29 13 111 55 168 42 152 42 82 37 18 100 59 70 215 67 143
-2147483634 25 819 59 220 89 18 24 224 85 149 5 134 69 212 45 212 97 143 29 126 24 177 11 163 4 119 73 7 72 104 89 95 99 118 26 217 55 122 76 97 9 201 92 193 66 91 62 153 94 227 12 43
-2147483633 25 932 62 56 82 162 70 136 68 102 96 140 79 235 3 11 81 143 54 141 96 154 37 219 39 5 24 1 63 42 91 186 34 130 97 39 17 165 70 209 7 163 40 214 59 105 90 98 99 107 96 236
-2147483632 25 709 5 80 82 106 34 13 43 241 22 83 71 138 85 167 71 3 33 100 85 98 5 59 25 159 66 36 3 161 58 244 59 153 30 101 4 157 46 114 60 168 79 74 23 158 96 232 64 71 33 121
-2147483631 25 653 68 94 72 229 1 92 6 8 1 158 1 149 24 75 100 68 93 114 73 129 13 128 81 87 15 192 28 196 5 151 27 180 98 244 64 246 35 173 2 88 32 5 95 140 32 236 83 61 40 140
-2147483630 25 841 76 131 7 142 88 53 34 37 100 95 75 64 10 181 23 183 71 142 42 181 92 185 74 216 30 15 81 32 30 51 69 15 73 188 63 150 96 240 75 238 34 123 21 108 22 108 16 230 100 145
-2147483629 25 833 65 229 32 95 78 154 44 146 75 184 79 106 80 128 18 105 11 34 38 213 9 178 34 72 15 138 72 76 48 179 88 28 63 50 50 101 82 232 99 139 67 192 98 114 28 37 88 96 28 62
-2147483628 25 717 24 91 96 143 65 25 13 92 40 148 8 70 71 177 48 49 11 72 12 22 84 195 86 204 24 33 97 27 52 61 36 186 61 79 32 64 42 109 62 203 3 175 9 183 41 142 93 127 86 10
-2147483627 25 820 60 173 82 112 51 14 58 117 17 22 71 129 83 78 83 36 57 60 58 46 5 151 88 35 34 70 71 64 79 139 30 95 25 29 83 188 17 100 22 82 49 230 85 79 23 168 46 199 91 8
-2147483626 25 655 98 240 64 213 10 242 14 200 22 229 36 128 30 149 63 30 35 198 52 140 12 1 48 240 32 177 63 193 50 135 81 119 50 110 33 148 41 114 39 156 37 185 14 166 34 189 79 169 55 75
-2147483625 25 811 24 165 31 178 62 155 42 62 39 229 79 49 39 69 63 178 87 8 17 63 66 134 99 196 20 81 54 245 100 20 28 57 74 146 94 88 21 88 60 148 27 95 79 163 66 103 36 130 45 131
-2147483624 25 771 77 24 6 190 88 64 8 103 24 19 49 128 30 56 10 59 58 74 59 43 89 212 55 168 50 50 9 214 72 131 38 121 62 109 24 122 69 80 90 230 39 96 43 173 61 131 93 45 82 128
-2147483623 25 623 35 176 36 224 38 214 10 114 71 202 98 21 29 148 52 133 8 51 85 244 12 59 36 137 93 240 8 212 14 223 36 121 60 178 38 242 57 117 42 68 28 99 36 141 99 218 10 15 8 234
-2147483622 25 766 4 48 17 97 74 24 35 203 94 120 70 74 96 73 1 84 26 143 80 169 84 18 7 49 64 12 7 181 11 35 66 34 33 208 52 17 93 216 88 215 35 144 16 76 87 40 64 30 73 109
-2147483621 25 801 80 142 51 215 77 34 91 207 86 2 97 130 15 74 35 166 36 67 53 59 13 217 81 70 17 167 44 201 79 41 24 145 73 185 44 123 88 85 32 183 35 71 25 123 58 148 16 234 86 170
-2147483620 25 774 17 246 55 243 26 178 64 174 52 107 86 187 1 147 49 110 8 89 78 98 9 31 68 83 62 62 93 191 18 195 44 86 76 246 32 5 70 239 72 52 38 142 96 95 16 109 82 57 79 149
-2147483619 25 747 62 218 72 73 20 82 54 30 10 178 90 133 6 163 52 93 67 51 33 95 41 175 95 90 8 25 80 225 33 145 50 236 45 52 24 162 54 192 77 157 48 164 16 133 31 167 91 244 87 56
-2147483618 25 833 36 70 93 76 64 1 41 108 90 183 1 97 68 114 60 227 10 32 67 215 76 37 52 227 68 206 57 145 80 110 81 39 72 181 46 88 73 216 78 155 60 197 1 66 25 150 17 85 73 210
-2147483617 25 802 20 120 99 179 39 165 54 239 24 84 39 10 49 26 76 237 46 121 81 59 10 99 3 26 66 66 71 207 60 107 67 200 91 161 52 72 31 12 25 136 38 158 58 217 74 85 82 48 82 154
-2147483616 25 551 43 230 2 111 3 168 71 181 50 76 16 39 11 14 80 153 35 26 66 146 65 10 22 56 91 237 57 179 14 96 33 140 31 85 1 81 1 177 5 126 1 49 66 28 26 115 73 149 56 95
-2147483615 25 658 18 51 42 98 43 80 34 248 4 119 38 90 4 168 70 9 100 176 74 10 21 188 24 216 86 122 32 146 8 220 97 64 8 95 65 127 70 245 50 182 46 217 9 121 54 195 52 134 49 65
-2147483614 25 770 58 172 1 202 55 217 30 217 45 93 75 103 63 206 80 66 33 122 25 206 22 174 70 75 18 58 8 174 77 140 96 84 25 240 15 199 83 109 66 69 81 100 69 107 22 120 70 137 97 234
-2147483613 25 774 38 45 63 16 48 201 30 138 50 14 12 113 39 90 41 133 16 59 97 203 52 193 21 50 20 107 68 223 98 160 83 87 82 113 41 72 26 175 84 188 76 238 21 36 31 153 68 115 85 160
-2147483612 25 777 27 90 41 118 56 153 90 58 50 219 87 81 22 171 78 156 97 7 32 203 78 18 76 245 22 16 60 221 52 110 53 197 80 233 26 89 54 39 59 10 3 113 36 61 14 33 87 26 16 47
-2147483611 25 859 92 234 26 167 92 117 74 127 35 63 95 217 4 186 80 73 10 85 45 170 38 118 13 184 72 66 87 145 37 6 77 69 96 5 95 218 49 169 38 208 93 81 70 240 7 124 25 40 83 174
-2147483610 25 771 84 52 17 242 94 220 23 201 46 148 83 56 87 197 24 201 66 181 48 9 55 100 36 62 36 105 74 152 58 143 31 104 78 117 38 178 35 152 52 202 20 86 3 14 13 67 86 196 99 83
-2147483609 25 851 82 135 74 43 79 22 60 131 70 43 10 249 59 216 47 241 58 203 57 23 62 191 44 161 82 139 92 169 34 225 1 39 44 184 33 56 83 230 75 129 9 209 51 169 70 244 64 69 79 52
-2147483608 25 577 37 100 97 199 4 196 35 238 46 172 85 115 84 72 20 42 51 3 9 63 53 43 9 9 85 196 1 120 6 198 69 104 19 163 21 57 43 139 18 221 25 7 34 21 32 133 25 204 55 82
-2147483607 25 755 7 17 50 37 11 85 93 28 82 246 91 125 40 23 15 152 32 144 17 123 46 102 52 200 49 207 33 183 65 218 6 177 94 139 86 11 90 196 16 177 77 14 21 42 15 88 78 115 93 235
-2147483606 25 678 95 96 35 117 19 207 30 128 56 234 38 154 65 79 17 124 36 15 28 128 77 12 57 243 22 178 32 247 17 61 93 30 63 66 59 202 9 219 32 161 81 174 26 113 1 106 95 92 48 56
-2147483605 25 735 88 61 27 111 22 121 16 133 47 81 78 98 44 100 66 6 21 185 90 130 39 177 22 160 16 56 7 25 59 136 33 116 79 148 91 250 8 16 53 135 39 75 93 206 70 145 85 226 32 185
-2147483604 25 796 43 175 45 159 34 150 86 99 70 110 94 5 91 181 61 203 72 170 88 61 22 64 55 37 8 60 73 229 15 10 66 141 74 24 20 18 70 13 47 97 49 101 41 99 13 3 21 210 69 19
-2147483603 25 737 9 227 33 156 5 100 87 193 32 1 81 242 57 137 6 191 62 188 82 21 14 76 49 135 70 152 55 225 45 59 98 133 15 75 16 48 70 4 97 3 2 193 98 146 32 9 35 233 79 39
-2147483602 25 513 2 230 46 125 46 38 11 2 5 138 25 5 8 96 32 58 58 4 25 133 3 65 30 249 85 154 3 47 55 203 35 139 73 200 6 47 95 39 20 250 71 108 2 197 82 83 2 96 35 65
-2147483601 25 820 92 92 52 54 36 90 83 97 55 93 20 222 93 231 69 244 11 159 13 75 63 209 74 162 62 136 98 159 93 81 90 210 69 103 6 12 77 220 44 79 25 157 21 43 55 222 15 165 52 68
-2147483600 25 786 96 37 11 172 80 180 23 192 36 39 9 62 100 194 66 12 83 107 93 63 74 44 88 235 35 107 83 121 9 86 76 10 49 214 73 70 58 239 5 232 11 34 18 26 92 207 16 183 26 20
