2147483647 25 442 63 194 71 119 80 199 89 88 38 210 70 180 85 10 23 69 10 46 85 148 37 203 86 32 85 21 20 28 91 197 25 133 57 238 1 90 75 222 71 32 73 101 85 142 45 18 84 134 26 172
-2147483648 25 405 13 156 50 246 75 85 7 235 45 243 73 174 51 72 65 127 65 98 40 88 52 29 76 91 68 48 44 129 73 172 21 214 31 175 84 14 4 226 100 121 88 179 18 93 100 205 88 161 21 68
-2147483647 25 391 100 182 39 186 9 16 94 130 58 166 21 195 52 128 48 88 57 128 26 139 100 31 27 43 50 67 99 93 91 50 65 226 93 6 65 4 9 145 54 166 24 184 44 189 25 230 11 203 43 90
-2147483646 25 405 37 106 48 158 59 243 90 145 35 202 78 246 71 175 1 87 72 23 93 61 76 42 98 48 93 56 11 7 4 134 39 99 96 215 3 137 84 230 13 43 73 225 16 107 60 40 78 78 25 176
-2147483645 25 329 56 1 87 133 20 197 76 76 82 197 84 49 18 198 6 51 34 221 13 116 6 212 36 53 28 239 37 12 27 154 75 204 62 154 35 203 40 25 11 53 89 237 41 16 74 114 27 19 34 97
-2147483644 25 391 54 99 24 223 61 126 85 243 56 28 59 75 93 51 92 67 2 78 37 30 52 62 7 230 31 201 38 144 88 179 97 103 11 48 30 178 70 37 68 62 26 66 55 44 47 114 45 119 77 202
-2147483643 25 307 60 70 6 165 20 91 47 144 94 84 29 224 75 99 9 11 11 196 19 196 3 111 5 143 62 128 3 16 99 197 87 145 7 230 24 67 29 175 85 54 4 33 12 194 53 50 82 158 99 2
-2147483642 25 467 42 3 46 115 59 18 97 152 13 238 40 249 53 116 92 191 73 49 46 143 42 123 70 131 27 57 73 21 86 176 10 68 72 136 73 73 62 173 90 185 65 72 74 42 75 163 93 119 85 97
-2147483641 25 339 5 64 88 187 78 36 98 124 23 207 20 79 10 227 86 206 20 117 52 23 21 39 38 235 32 32 59 63 61 108 64 162 69 128 40 115 66 91 96 219 19 38 19 71 6 12 11 63 52 155
-2147483640 25 360 35 180 78 181 66 23 85 62 34 113 68 244 10 90 49 123 82 34 86 193 1 11 92 50 33 244 25 108 23 189 5 142 47 205 29 32 91 34 38 62 59 12 22 171 41 176 18 56 84 7
-2147483639 25 387 100 211 7 229 5 99 89 71 83 28 4 218 68 127 69 242 64 148 10 1 84 172 5 14 37 114 76 136 68 148 57 169 44 159 59 119 3 119 76 213 59 198 72 66 30 101 23 232 100 82
-2147483638 25 404 93 208 1 245 89 95 44 161 92 29 24 121 79 167 12 94 15 36 85 225 100 109 69 178 70 247 11 231 92 26 25 211 94 64 83 205 64 64 46 138 37 173 4 39 36 38 53 125 30 95
-2147483637 25 436 40 72 82 22 100 127 8 26 43 247 21 168 83 35 93 163 96 140 91 104 11 69 11 35 43 115 29 240 96 146 34 90 87 37 45 216 66 130 97 19 51 43 75 83 31 169 99 66 23 222
-2147483636 25 328 68 84 16 195 48 147 24 191 55 50 35 220 56 53 3 250 8 169 52 10 76 5 21 125 35 129 17 83 78 100 22 115 74 93 24 52 96 120 97 126 68 78 38 58 53 101 23 149 8 187
-2147483635 25 309 64 207 77 210 33 29 36 124 45 34 90 165 60 157 3 207 84 247 31 200 49 245 11 217 21 158 27 110 23 86 19 215 18 237 70 124 6 14 99 125 19 220 16 195 51 47 61 84 18 228
-2147483634 25 417 14 165 89 60 53 25 88 198 54 25 14 180 96 77 67 164 80 181 71 197 22 224 67 95 67 42 57 69 50 184 19 158 40 18 87 230 17 186 71 176 84 211 43 199 15 21 45 236 81 39
-2147483633 25 378 73 6 5 98 41 179 56 241 100 14 70 44 69 24 25 139 2 104 30 180 12 33 56 134 93 176 62 94 65 106 53 94 45 144 77 212 29 81 81 70 38 128 46 16 61 175 62 154 11 228
-2147483632 25 369 33 56 5 222 76 242 59 95 35 59 80 217 61 62 44 94 10 182 70 226 1 19 41 115 14 3 16 189 63 66 67 239 49 177 84 62 68 108 63 4 67 106 88 68 67 80 65 190 5 85
-2147483631 25 423 66 13 42 17 51 137 8 166 31 176 93 241 66 103 67 124 66 85 93 69 36 148 70 58 86 91 55 126 13 149 85 195 65 64 85 39 81 232 82 26 63 185 7 71 15 184 78 201 8 176
-2147483630 25 360 8 106 30 194 66 38 14 51 66 65 80 124 4 111 75 221 60 138 81 103 66 109 15 179 72 75 45 124 11 131 20 45 95 123 96 150 64 23 80 74 35 149 79 96 4 134 27 158 9 18
-2147483629 25 402 5 185 51 48 46 56 49 226 72 148 43 230 78 91 41 181 97 12 82 190 34 41 36 32 55 98 66 202 3 187 88 16 49 97 26 234 61 187 84 82 34 64 25 27 62 163 83 145 70 161
-2147483628 25 309 34 8 81 174 16 87 9 204 16 27 56 9 18 10 42 107 98 7 17 202 36 127 6 149 62 170 25 111 26 234 9 148 97 222 29 30 24 92 94 97 48 124 42 161 54 209 7 127 86 60
-2147483627 25 425 32 53 75 93 81 89 5 12 80 76 99 220 90 237 77 44 7 250 55 1 39 4 50 200 66 7 64 182 54 124 97 211 71 178 22 127 7 65 56 215 56 134 74 113 48 125 63 137 50 42
-2147483626 25 359 55 219 19 11 68 211 7 78 57 150 81 134 44 126 25 163 1 77 91 140 17 117 10 224 92 143 40 136 12 222 71 167 76 224 71 109 74 194 75 76 38 137 84 203 5 21 47 15 39 93
-2147483625 25 394 62 137 84 177 45 189 28 209 30 100 72 2 7 120 90 194 92 159 55 165 94 231 21 194 74 63 86 49 31 62 57 231 80 101 64 59 16 228 7 114 31 197 47 94 27 90 15 45 100 175
-2147483624 25 396 84 233 62 10 71 88 29 141 55 149 81 28 52 150 52 38 84 168 7 226 13 93 69 147 75 239 95 223 14 235 59 242 87 52 1 143 56 73 14 26 89 235 22 101 54 182 56 93 40 153
-2147483623 25 378 28 131 99 241 11 181 92 14 62 12 99 51 2 214 41 4 43 241 31 139 7 47 50 70 59 8 1 35 41 101 75 169 93 183 64 8 46 138 9 17 60 19 27 152 93 169 63 88 64 231
-2147483622 25 412 91 176 11 100 98 175 43 246 84 208 39 146 51 77 32 35 34 192 69 106 84 71 50 26 89 106 78 128 78 103 44 170 12 136 8 23 24 127 8 19 34 114 66 211 76 243 99 24 74 169
-2147483621 25 386 52 143 96 3 67 212 44 112 36 52 86 198 89 242 34 241 6 144 47 32 65 203 59 77 66 85 28 159 44 3 31 238 59 66 97 63 11 100 70 117 61 138 26 122 52 147 45 144 16 230
-2147483620 25 342 71 202 73 71 12 96 63 97 2 15 40 82 1 245 59 243 24 175 37 232 17 243 48 105 46 248 1 227 57 42 83 67 98 138 55 21 94 43 48 237 23 218 28 59 85 215 21 20 56 143
-2147483619 25 338 1 180 55 120 14 250 47 35 91 9 31 182 30 69 28 213 36 52 2 208 16 61 70 107 48 137 29 171 63 210 26 158 56 199 11 174 79 145 84 173 62 35 42 228 42 173 76 193 90 195
-2147483618 25 448 60 13 2 75 48 125 85 190 18 119 60 108 11 39 23 54 85 3 80 171 71 101 82 30 32 58 81 18 100 177 85 150 76 217 90 58 37 186 100 136 22 148 97 80 75 48 54 148 21 81
-2147483617 25 428 28 227 73 23 3 10 32 208 11 80 54 239 92 73 83 204 53 47 56 129 73 194 11 175 10 212 89 157 44 23 95 177 100 168 80 6 71 29 86 204 44 97 78 87 68 149 17 51 78 180
-2147483616 25 407 72 127 50 204 21 146 66 23 21 24 19 39 81 46 83 150 21 134 72 14 35 36 44 31 49 30 72 163 32 124 37 8 100 215 85 51 45 126 30 162 60 119 81 100 66 157 100 215 17 176
-2147483615 25 368 91 128 85 87 64 84 47 87 99 196 84 89 82 210 22 165 4 163 17 83 30 189 81 25 16 116 73 37 32 222 85 58 40 174 58 8 3 11 38 3 83 53 37 160 5 144 30 22 23 114
-2147483614 25 332 42 131 22 56 63 91 69 88 51 2 24 90 24 159 5 203 67 19 86 9 9 169 25 112 32 74 2 152 38 61 7 200 77 69 3 97 64 177 74 37 72 243 51 237 61 138 76 67 63 153
-2147483613 25 293 31 178 29 137 16 150 85 45 21 55 43 68 2 47 55 10 58 45 75 78 33 114 29 207 41 222 38 40 16 1 77 114 72 14 1 219 66 211 6 215 7 119 13 20 67 168 12 60 85 215
-2147483612 25 365 55 43 32 208 100 179 72 93 88 218 38 162 33 22 70 83 96 88 18 3 21 59 49 85 32 37 1 108 39 213 29 232 3 150 76 4 32 119 39 48 35 190 84 169 85 134 1 201 89 44
-2147483611 25 382 82 24 41 74 44 181 44 109 15 205 29 109 75 77 4 126 33 88 98 177 54 81 47 94 100 77 91 250 11 198 18 230 89 145 22 80 31 164 76 113 48 10 89 55 35 230 73 168 27 175
-2147483610 25 273 38 202 3 211 19 5 15 22 2 65 88 47 18 191 77 98 8 16 5 208 52 129 88 100 73 55 32 113 89 147 16 66 40 44 11 144 20 64 67 52 51 135 40 172 31 39 8 95 22 29
-2147483609 25 305 22 183 63 21 14 90 30 113 81 47 4 240 45 108 14 139 1 81 81 167 53 79 21 230 100 127 8 18 89 73 19 25 3 203 18 38 17 120 60 244 67 160 94 28 7 16 67 19 39 117
-2147483608 25 414 75 229 79 237 84 195 46 226 85 86 20 9 44 53 85 155 37 4 10 241 99 190 60 231 87 167 99 132 74 93 100 121 29 194 43 29 56 221 2 101 23 52 44 166 42 72 29 195 30 95
-2147483607 25 305 75 73 14 85 22 250 1 50 53 186 57 130 23 213 30 164 97 212 54 246 26 191 19 173 43 152 98 177 39 68 9 32 56 54 47 193 22 118 97 185 22 134 26 110 39 138 10 88 40 157
-2147483606 25 376 34 162 39 130 34 203 13 77 52 127 58 149 64 35 81 25 91 5 57 219 76 195 41 4 22 199 57 77 15 241 94 119 61 80 100 236 13 29 26 161 63 208 24 64 97 12 36 219 7 230
-2147483605 25 510 75 206 70 39 84 228 95 100 22 23 37 38 57 243 47 140 92 150 68 41 24 74 100 120 56 240 53 226 84 148 82 146 42 129 74 62 43 171 65 161 77 2 79 84 98 65 90 222 86 141
-2147483604 25 458 5 24 86 11 58 103 100 24 32 209 69 33 42 24 65 37 34 17 83 247 71 150 100 125 94 242 76 206 86 152 39 226 71 61 95 68 66 236 37 241 78 12 10 47 15 184 34 121 81 42
-2147483603 25 342 47 128 77 115 1 174 43 191 52 70 37 226 18 18 15 31 34 200 7 177 77 210 76 214 3 224 59 91 38 98 53 210 91 73 30 227 99 181 67 126 100 9 41 45 11 139 30 111 36 91
-2147483602 25 373 15 29 20 226 97 57 80 140 59 42 95 28 1 213 40 76 76 96 3 107 89 7 46 74 21 141 85 127 1 50 87 39 32 17 6 72 30 213 85 219 2 199 99 7 65 97 33 100 77 89
-2147483601 25 394 83 164 39 72 95 147 85 199 9 214 100 240 1 78 3 17 60 79 92 109 19 234 23 44 96 218 57 72 27 83 64 24 99 5 38 233 61 57 73 174 9 180 65 23 3 169 16 155 99 18
-2147483600 25 320 6 45 1 71 36 240 16 229 25 106 25 221 52 58 90 224 17 126 13 222 20 51 61 212 30 158 52 113 25 127 52 76 69 130 59 9 48 185 95 180 16 49 60 169 43 125 58 146 100 174
