2147483647 25 106 14 214 24 88 14 35 92 122 89 148 51 227 10 137 20 97 14 232 18 40 24 79 30 70 78 25 68 97 62 67 83 187 12 14 10 64 20 3 75 19 61 63 98 174 80 45 9 233 11 64
-2147483648 25 139 9 84 58 95 62 87 48 72 74 23 56 140 84 169 62 234 93 201 95 168 88 136 93 215 24 180 4 80 65 34 58 185 47 36 12 20 50 149 37 57 69 231 79 130 60 99 46 131 20 99
-2147483647 25 127 20 19 94 29 93 45 84 241 50 121 10 17 22 142 21 83 65 176 93 4 93 152 94 177 13 132 10 144 5 74 98 60 37 228 36 74 9 46 26 145 67 89 65 220 93 214 22 142 56 34
-2147483646 25 132 58 121 74 128 19 216 4 72 44 22 59 102 33 237 32 169 25 101 86 126 99 131 86 157 41 194 49 154 35 10 75 230 52 122 44 176 35 118 99 197 56 143 20 220 52 127 56 191 91 103
-2147483645 25 111 27 223 94 29 52 85 90 250 96 59 4 175 16 138 19 146 26 134 6 61 32 151 82 128 49 83 2 9 10 232 45 88 82 95 47 83 72 90 33 168 60 90 37 186 91 139 33 41 9 95
-2147483644 25 138 41 102 99 54 92 116 55 233 50 160 86 235 99 168 32 114 1 9 82 83 71 102 69 19 15 150 63 119 76 179 86 41 12 209 38 8 30 232 97 198 57 205 74 138 49 13 1 124 9 205
-2147483643 25 112 83 197 23 129 86 94 12 122 85 218 20 176 4 80 54 104 35 209 34 78 63 225 13 89 45 155 41 113 12 122 27 234 28 123 45 34 87 140 62 179 43 205 42 116 14 238 88 121 79 53
-2147483642 25 128 80 102 11 231 77 139 54 42 1 163 65 68 59 231 77 8 6 157 59 169 34 4 50 189 48 157 71 88 11 122 57 226 90 169 83 164 23 91 82 58 2 117 51 150 39 66 63 112 90 54
-2147483641 25 118 12 58 23 153 99 176 24 172 6 87 18 155 25 16 30 18 72 130 44 134 75 112 100 63 5 98 52 168 84 101 89 239 64 28 57 155 82 200 31 217 15 119 49 98 54 195 46 63 30 224
-2147483640 25 122 79 11 34 196 30 96 18 201 6 2 21 234 96 210 5 131 46 214 33 190 73 116 24 53 86 192 99 79 2 71 21 200 33 137 59 155 93 189 43 246 76 157 92 180 47 240 25 231 82 141
-2147483639 25 130 69 135 3 229 75 220 69 184 20 175 2 100 50 87 95 21 97 218 84 97 86 149 2 193 32 120 73 139 41 136 12 21 8 35 100 206 2 170 56 52 38 145 61 219 93 137 96 222 42 197
-2147483638 25 116 27 68 39 71 4 174 76 192 25 40 31 90 25 97 50 60 21 129 92 192 73 73 35 81 17 67 87 30 16 72 91 106 56 72 71 149 98 116 37 56 63 168 58 216 6 20 11 67 60 5
-2147483637 25 153 4 78 31 95 64 118 65 126 59 200 79 124 22 87 78 230 95 189 39 76 98 1 98 139 87 8 64 242 30 56 99 84 54 73 72 42 77 90 67 88 16 115 85 94 81 156 30 187 38 169
-2147483636 25 124 5 88 68 6 91 135 6 134 51 89 76 122 69 72 78 100 46 135 76 31 89 227 59 184 28 96 36 143 13 183 25 45 8 230 21 246 46 64 52 239 61 68 44 74 56 54 69 3 76 111
-2147483635 25 135 14 161 36 179 38 158 10 184 21 57 47 112 41 135 37 151 53 205 86 9 78 117 31 53 76 216 43 112 88 45 90 2 83 61 73 50 88 205 94 19 5 99 53 113 94 221 6 114 71 228
-2147483634 25 96 49 119 38 199 69 34 66 28 59 133 30 119 54 29 72 66 32 147 9 61 66 32 64 45 58 142 7 158 2 191 55 127 24 230 31 231 6 240 4 159 49 81 11 8 44 206 29 187 41 93
-2147483633 25 127 99 17 50 156 25 19 19 77 71 51 8 61 72 77 16 3 23 53 97 65 85 115 59 239 49 4 78 194 77 47 15 187 25 161 37 124 72 139 81 105 76 218 67 117 18 205 48 102 4 112
-2147483632 25 157 67 220 91 61 84 98 26 153 17 5 80 78 77 11 96 34 54 168 69 85 9 111 22 188 91 98 57 97 80 150 84 114 48 184 70 78 13 240 93 72 98 179 60 186 76 138 88 75 23 141
-2147483631 25 106 64 78 1 212 7 229 24 158 31 7 23 34 49 177 87 46 2 248 14 235 28 30 66 219 87 104 43 185 71 163 30 87 96 77 20 6 22 107 66 130 46 220 66 235 59 130 12 152 51 65
-2147483630 25 134 55 197 38 50 66 59 61 22 98 80 74 69 67 174 58 215 72 199 29 91 32 185 25 242 68 208 49 199 44 249 6 245 78 107 18 110 67 197 53 159 11 65 91 193 95 122 63 166 29 229
-2147483629 25 115 3 149 66 68 57 83 11 12 13 135 4 44 52 204 61 174 26 67 49 194 90 147 4 202 36 246 30 247 65 144 91 168 17 139 94 183 89 11 78 2 58 204 18 24 63 196 79 221 5 67
-2147483628 25 153 66 237 86 173 76 53 67 12 20 79 62 25 99 197 66 231 52 134 97 74 54 135 11 180 64 184 51 105 62 137 69 69 50 134 97 63 75 158 30 237 95 229 5 233 71 175 86 55 24 204
-2147483627 25 106 51 194 36 154 50 247 35 249 41 242 55 22 24 10 63 51 29 92 84 146 32 195 50 90 71 49 6 140 42 73 38 231 7 182 54 140 72 222 56 29 86 25 21 23 14 206 29 105 19 31
-2147483626 25 119 100 126 90 124 87 151 69 230 17 25 21 133 2 69 26 139 84 243 44 97 9 72 49 72 38 154 11 167 4 75 79 9 80 172 53 165 30 54 58 113 32 197 99 83 7 61 89 224 21 80
-2147483625 25 132 28 74 61 191 58 246 38 172 66 104 99 110 45 196 13 244 45 105 19 5 88 125 81 214 83 217 10 177 76 76 3 10 60 158 80 44 62 45 87 67 59 211 71 9 63 208 1 16 26 49
-2147483624 25 124 9 31 70 222 98 129 75 18 23 127 38 62 55 243 88 86 15 123 52 2 76 27 85 115 15 119 29 38 54 135 35 154 66 10 50 159 56 63 71 194 76 19 2 75 5 223 65 49 38 40
-2147483623 25 134 20 34 27 13 59 103 53 220 57 14 42 227 68 19 95 43 71 124 42 104 27 44 49 72 48 134 18 28 73 139 28 232 69 135 98 69 95 124 16 128 56 143 42 56 65 91 40 89 86 203
-2147483622 25 146 77 32 99 65 42 115 80 147 57 130 14 210 45 207 38 106 11 82 92 64 84 118 83 64 70 118 62 22 83 120 90 149 61 221 86 4 34 161 60 227 17 185 75 152 57 31 3 166 45 237
-2147483621 25 140 92 72 42 186 54 27 21 40 19 9 64 22 63 60 97 120 25 76 12 212 21 71 59 239 89 37 8 229 81 131 87 182 81 69 47 87 38 170 51 142 72 35 66 85 38 155 82 156 93 234
-2147483620 25 131 47 33 22 14 9 26 21 40 2 3 69 220 74 123 16 52 84 133 89 85 10 148 48 188 93 213 37 186 48 73 68 237 42 223 100 126 100 50 67 3 21 86 89 237 84 10 16 167 57 9
-2147483619 25 134 1 167 63 122 42 139 34 195 30 203 7 244 76 122 87 189 100 215 96 164 87 41 100 190 12 208 80 66 50 92 30 126 3 231 99 111 48 81 23 194 14 73 75 223 78 154 65 192 48 150
-2147483618 25 118 43 86 77 105 11 219 25 225 14 186 27 108 25 73 36 58 74 207 56 239 61 173 25 88 59 5 97 57 79 110 83 52 78 147 63 220 46 218 78 149 62 10 3 214 33 95 9 15 21 161
-2147483617 25 82 2 202 34 64 16 229 28 30 14 15 56 241 27 84 55 222 22 2 76 248 61 92 3 157 23 89 1 78 42 53 96 107 2 71 68 43 20 238 30 84 1 212 30 69 18 211 16 99 86 229
-2147483616 25 127 39 114 29 104 9 127 77 22 82 46 30 191 61 79 5 73 49 61 25 195 58 63 63 218 53 201 72 171 20 142 60 146 2 220 100 25 39 191 19 50 95 121 96 139 80 2 85 72 25 21
-2147483615 25 124 7 206 34 171 70 214 49 101 54 170 97 33 26 247 2 64 9 99 2 68 60 240 76 138 52 139 56 88 84 201 44 225 63 191 59 79 62 17 72 38 75 172 29 2 68 74 26 190 69 69
-2147483614 25 132 3 70 23 196 83 186 34 97 10 43 19 131 8 203 29 164 13 227 72 210 6 116 53 85 47 49 64 182 96 81 100 245 61 58 76 108 97 24 82 16 27 1 59 85 82 218 99 234 78 177
-2147483613 25 119 78 209 18 74 18 160 49 202 37 110 13 92 42 183 60 45 17 141 28 245 63 134 99 52 88 199 8 216 73 214 57 125 69 185 80 215 38 72 67 187 73 199 11 36 53 177 32 172 27 147
-2147483612 25 105 67 223 13 161 10 249 44 45 86 41 4 107 67 181 17 115 59 136 75 62 29 117 5 100 61 141 11 232 25 93 52 228 26 159 56 90 64 248 54 123 16 143 92 204 30 20 28 219 62 3
-2147483611 25 129 12 227 48 40 31 21 73 101 1 244 78 131 89 8 16 110 39 197 43 231 28 145 50 48 40 196 27 166 66 222 68 194 80 38 94 24 24 164 50 61 63 67 77 128 30 231 95 171 71 95
-2147483610 25 123 61 246 96 25 18 88 88 111 2 134 33 172 31 30 84 60 22 19 90 177 32 131 98 21 4 68 1 247 96 178 37 140 70 80 66 217 67 134 31 171 7 159 37 94 76 52 62 242 29 128
-2147483609 25 138 68 150 4 162 68 18 92 171 6 218 39 105 44 21 74 23 95 102 63 65 9 174 90 115 7 162 67 172 62 237 20 71 55 58 94 56 30 213 91 89 73 74 78 39 38 128 25 82 92 217
-2147483608 25 139 59 2 56 120 47 157 13 33 32 184 8 127 2 155 74 237 85 9 80 187 39 129 5 40 67 105 67 228 75 147 78 83 60 83 81 14 96 232 19 67 66 65 78 169 88 127 63 181 54 105
-2147483607 25 136 47 232 94 128 9 151 93 189 51 168 34 71 100 232 62 202 99 142 74 42 84 98 43 152 7 76 12 172 3 164 11 123 58 9 100 167 64 232 42 37 60 189 43 149 69 10 40 166 61 33
-2147483606 25 134 83 111 53 63 5 147 56 41 28 144 82 94 7 99 42 16 6 12 99 119 20 146 23 155 18 228 66 144 58 65 71 100 70 56 65 187 81 49 91 21 77 181 46 208 12 218 90 45 92 220
-2147483605 25 113 66 27 46 221 73 159 80 95 21 91 64 228 76 85 14 102 9 236 61 248 3 93 72 121 20 209 36 23 2 67 97 167 38 106 55 25 6 86 48 66 71 29 18 116 46 77 87 134 25 118
-2147483604 25 123 53 69 84 61 76 10 8 27 13 22 38 24 76 187 52 76 85 143 65 80 84 87 44 1 81 221 31 170 42 139 15 237 83 247 19 146 3 66 69 38 36 14 25 26 80 190 41 161 33 12
-2147483603 25 115 96 40 39 98 17 49 28 117 88 174 3 5 64 212 1 206 43 7 9 29 18 109 17 106 54 242 19 236 61 128 99 142 67 94 96 208 58 59 30 111 93 80 47 141 17 117 39 149 50 118
-2147483602 25 143 71 168 91 219 10 111 84 68 39 112 79 93 2 113 75 244 28 80 21 144 76 34 90 56 70 14 69 21 65 45 56 89 85 115 23 235 91 17 22 73 52 248 67 133 44 103 51 180 73 179
-2147483601 25 118 30 122 85 46 71 137 24 98 63 221 57 46 24 105 65 116 36 137 53 142 84 11 56 124 58 250 91 19 72 158 79 2 12 159 19 206 18 106 22 202 31 196 99 136 20 158 1 139 18 134
-2147483600 25 123 13 2 58 171 51 37 68 102 23 99 4 2 41 38 64 147 98 205 1 46 63 79 97 153 86 41 24 217 72 103 40 211 42 244 53 231 12 51 33 85 60 92 35 250 52 247 59 122 81 149
