2147483647 25 268 13 214 60 47 97 54 67 161 83 30 38 193 32 68 11 142 97 40 15 95 100 3 84 243 12 56 96 124 75 231 22 218 78 203 6 187 3 181 39 213 84 191 63 38 3 183 72 248 90 216
-2147483648 25 261 38 221 88 51 85 247 43 203 48 42 74 175 4 128 51 23 26 134 81 161 39 163 41 2 81 109 74 130 43 157 38 200 51 62 100 89 24 107 17 179 60 225 42 157 41 230 72 165 46 132
-2147483647 25 168 31 210 18 177 85 244 14 144 49 142 21 217 37 177 12 91 7 87 79 57 6 95 13 118 1 132 39 180 19 211 25 123 68 104 20 130 39 84 10 220 90 74 75 66 1 214 63 17 21 103
-2147483646 25 257 30 65 79 104 73 198 95 29 51 32 96 188 62 159 17 204 16 139 15 62 44 12 55 44 31 136 3 233 61 57 34 225 49 31 32 54 92 63 33 106 38 71 18 250 92 85 81 18 90 239
-2147483645 25 251 32 81 1 214 50 78 40 131 25 2 76 145 91 60 71 54 46 154 47 195 4 212 7 52 85 245 55 163 5 109 61 91 76 152 22 64 92 155 78 40 63 132 74 131 77 110 74 54 6 51
-2147483644 25 251 100 22 5 14 30 222 4 210 54 21 28 35 45 8 75 167 29 166 29 15 82 226 59 138 43 89 99 41 57 11 37 141 13 103 62 106 30 163 26 208 74 133 97 45 56 178 85 211 38 32
-2147483643 25 241 91 48 3 122 74 114 85 183 62 103 77 245 97 225 39 147 32 171 24 144 51 243 11 120 15 166 19 249 51 141 12 102 75 37 90 123 60 183 22 53 15 247 19 28 89 144 70 50 26 234
-2147483642 25 247 78 191 91 220 24 14 55 107 5 12 99 41 45 184 31 86 23 226 8 111 12 54 43 76 33 77 88 5 51 33 96 70 90 215 16 33 91 175 56 239 75 136 12 49 28 106 54 126 33 152
-2147483641 25 314 95 111 82 92 75 36 68 154 17 45 75 29 46 159 98 155 77 221 32 80 84 16 87 238 26 35 38 198 64 176 40 146 15 54 95 221 36 156 50 131 81 61 64 65 88 152 88 161 49 49
-2147483640 25 293 96 81 26 205 28 129 96 162 31 150 35 175 18 123 92 31 38 69 75 218 80 137 12 108 81 248 4 171 64 131 88 148 85 34 41 29 65 92 77 237 97 28 65 35 60 140 27 243 84 2
-2147483639 25 216 85 156 56 239 6 89 95 22 4 144 62 229 17 114 5 143 58 173 94 84 64 225 45 71 4 11 84 75 2 168 31 214 30 214 81 87 21 188 44 62 33 11 16 122 50 51 6 17 90 249
-2147483638 25 234 41 133 90 211 82 233 89 163 23 225 32 134 76 154 39 141 96 150 32 98 85 160 44 1 13 234 21 47 100 25 18 100 63 19 25 110 1 33 9 58 3 103 77 195 3 38 34 245 75 163
-2147483637 25 234 38 148 29 202 60 104 74 200 60 185 90 195 14 131 86 95 97 214 51 13 9 134 46 212 32 121 100 164 46 186 31 208 34 149 64 232 1 94 73 152 12 155 39 63 15 60 63 26 9 35
-2147483636 25 209 16 43 68 153 2 247 10 3 64 138 76 236 39 23 54 5 2 137 40 186 16 126 36 135 76 126 78 95 61 217 52 190 4 47 37 14 18 115 7 202 1 205 75 98 91 72 41 232 84 200
-2147483635 25 221 67 246 31 7 53 14 53 75 44 33 17 238 89 50 14 64 26 77 72 79 12 181 14 216 12 11 15 130 97 245 32 159 97 155 67 121 68 48 78 27 33 236 6 52 14 48 47 98 50 44
-2147483634 25 276 71 152 90 210 47 2 89 155 53 213 60 211 49 140 47 37 5 34 34 206 24 164 77 73 87 226 48 82 29 244 50 249 58 99 84 13 40 179 67 231 57 67 77 13 83 57 20 216 36 133
-2147483633 25 301 69 149 19 111 89 12 35 92 38 159 34 218 63 229 27 116 97 167 18 159 59 185 90 89 79 180 58 247 59 235 52 66 54 175 71 105 75 13 79 30 69 30 100 79 4 64 78 250 93 238
-2147483632 25 252 64 128 69 132 87 120 25 111 47 207 38 244 9 228 68 200 33 106 85 28 55 134 24 134 85 67 80 155 27 178 57 224 23 64 43 22 74 167 53 49 50 227 17 146 82 212 38 38 27 57
-2147483631 25 221 27 203 76 123 35 152 76 34 23 5 85 198 92 17 5 84 16 195 1 170 98 125 59 36 8 102 99 115 56 64 69 204 7 111 31 103 5 15 55 68 8 98 7 249 46 27 33 153 89 83
-2147483630 25 303 29 215 83 219 100 227 28 247 37 208 24 12 65 76 49 238 72 133 1 64 80 22 65 215 8 26 97 102 72 214 74 250 72 142 87 178 48 37 70 208 98 234 88 156 24 91 57 236 90 144
-2147483629 25 268 20 173 67 211 55 186 95 130 15 164 37 222 66 20 45 131 79 230 67 121 76 162 42 157 27 163 99 209 60 221 41 198 58 18 64 31 82 145 64 240 24 2 85 222 9 74 42 219 22 20
-2147483628 25 235 36 242 73 193 60 248 42 146 83 3 47 58 81 9 31 110 16 29 2 199 8 63 81 230 14 222 22 138 76 108 63 29 40 88 89 248 35 76 58 41 32 10 40 30 8 175 56 58 82 143
-2147483627 25 286 3 223 83 207 81 240 71 6 51 117 46 34 58 212 49 117 84 207 77 103 99 21 45 97 21 131 9 189 76 225 33 195 79 37 61 149 11 78 62 153 78 18 75 90 92 58 83 190 6 148
-2147483626 25 284 17 12 68 154 43 219 14 128 63 223 41 239 67 49 10 68 80 51 59 103 82 91 49 139 72 100 79 136 16 210 14 81 89 202 94 79 68 20 83 77 97 59 26 159 43 89 91 55 56 122
-2147483625 25 248 63 93 85 28 93 142 51 178 11 167 55 60 99 109 5 232 75 181 1 143 3 243 81 72 61 58 65 128 46 50 100 21 57 211 20 123 41 175 20 130 37 187 76 88 18 201 28 231 53 71
-2147483624 25 247 50 137 26 74 84 215 53 119 37 245 67 91 6 59 21 63 73 154 95 231 14 79 67 223 67 212 70 236 77 53 23 65 76 119 56 148 34 21 7 174 6 184 6 30 97 66 37 173 88 79
-2147483623 25 265 62 3 63 70 91 73 13 148 24 223 81 114 15 141 93 176 16 65 79 55 96 210 96 4 96 230 28 81 61 39 64 56 17 66 51 17 56 156 66 197 52 116 25 165 3 43 37 45 43 36
-2147483622 25 264 40 96 99 87 40 235 27 168 27 220 83 225 10 248 17 150 6 180 23 180 51 184 19 186 40 52 92 189 39 86 90 196 73 220 13 30 82 99 79 21 28 153 99 93 61 37 97 165 87 48
-2147483621 25 256 38 92 93 140 11 79 77 6 7 37 37 242 93 22 85 15 21 166 46 248 75 181 60 182 10 51 88 16 86 184 25 59 10 43 80 53 49 139 24 139 71 149 53 158 68 92 69 221 4 35
-2147483620 25 207 88 194 87 118 51 239 68 94 2 133 11 66 77 52 44 140 42 231 12 162 48 204 25 250 45 231 37 33 81 99 27 169 18 32 15 169 8 204 5 24 35 39 36 28 37 198 67 195 72 196
-2147483619 25 249 43 47 60 167 19 10 59 138 17 98 95 109 7 30 56 53 79 160 3 210 74 93 100 22 49 89 88 38 14 147 94 140 78 133 23 240 57 203 51 185 21 114 18 67 58 183 48 91 37 125
-2147483618 25 279 20 25 87 48 19 87 55 16 50 169 65 108 24 105 97 114 38 133 27 221 27 116 34 110 73 228 17 51 27 135 70 117 64 141 66 206 92 50 89 103 88 132 84 26 95 201 56 80 34 205
-2147483617 25 240 21 150 29 136 4 3 46 52 21 180 75 227 19 95 47 211 20 96 5 20 79 229 61 158 2 138 43 144 87 190 40 19 36 169 62 99 69 17 60 223 79 85 80 243 72 67 82 229 65 213
-2147483616 25 222 100 109 77 150 7 196 15 124 36 5 26 187 10 153 42 177 1 25 78 151 99 139 94 196 53 164 5 84 57 174 19 141 13 238 17 49 74 78 69 22 33 235 83 106 55 62 13 138 35 225
-2147483615 25 179 16 83 46 23 12 245 75 40 32 79 86 126 88 246 46 9 18 47 35 215 28 169 80 26 10 86 35 56 90 173 13 12 2 144 14 34 56 221 30 218 20 37 38 17 13 207 11 76 2 112
-2147483614 25 159 17 71 12 240 39 54 31 182 44 50 42 140 25 110 14 95 57 172 26 216 56 113 1 233 52 34 76 156 44 192 7 150 5 47 56 108 40 216 16 209 6 144 40 75 1 131 68 145 22 234
-2147483613 25 222 45 192 39 112 70 226 59 114 53 5 22 148 62 67 78 45 70 44 4 213 1 24 43 101 40 108 93 18 2 34 1 113 91 98 90 150 30 121 6 204 51 68 41 30 54 44 30 58 35 84
-2147483612 25 275 8 90 43 125 76 206 94 171 90 236 82 226 40 181 29 74 33 146 78 94 40 69 65 199 40 45 97 173 41 80 3 122 68 113 99 110 28 229 13 43 86 236 8 62 67 90 54 246 95 79
-2147483611 25 209 36 84 59 249 13 246 18 24 68 146 42 173 7 23 15 12 53 104 97 163 59 204 60 164 7 63 2 151 24 239 92 147 29 127 59 104 49 189 51 40 34 231 85 100 2 248 45 136 41 102
-2147483610 25 251 20 248 23 196 65 72 4 165 89 67 62 201 86 225 31 109 32 199 19 205 96 132 74 201 93 188 80 93 30 50 78 122 19 1 27 209 29 76 50 44 57 26 98 106 1 71 86 79 8 12
-2147483609 25 306 14 8 58 219 84 124 63 157 87 229 83 161 41 4 65 167 85 233 97 85 11 135 45 20 97 112 37 205 76 111 87 223 48 109 77 77 93 97 94 199 31 191 44 176 78 21 37 156 2 85
-2147483608 25 251 97 30 88 102 20 210 85 140 66 152 1 131 50 119 96 65 79 222 65 180 68 237 48 30 65 63 21 5 88 54 36 210 33 59 25 132 8 23 9 182 70 22 25 49 57 51 46 86 9 26
-2147483607 25 220 7 192 5 135 89 175 79 21 72 166 30 19 51 157 31 186 16 95 84 60 11 134 33 88 73 222 56 46 23 160 29 73 41 84 83 72 4 154 38 188 28 168 83 196 30 34 53 113 52 90
-2147483606 25 270 69 155 90 3 97 155 90 131 81 32 16 23 42 141 43 61 85 115 86 56 21 34 89 9 92 47 17 110 64 171 80 81 30 173 34 67 31 58 79 28 36 237 20 193 51 156 2 90 8 217
-2147483605 25 213 58 72 1 118 33 230 66 123 36 73 17 39 61 118 85 236 74 39 18 131 27 132 47 116 30 245 9 77 34 42 18 229 45 44 39 193 10 10 26 113 33 108 61 235 90 113 88 159 61 13
-2147483604 25 240 16 218 58 156 34 218 61 105 18 234 59 87 86 9 53 59 81 154 28 16 7 150 49 168 54 97 12 104 2 181 47 44 60 9 80 232 91 100 35 20 34 232 43 46 96 237 42 191 56 173
-2147483603 25 282 83 156 29 79 29 207 70 103 24 180 14 175 90 182 74 172 66 160 9 249 72 104 93 36 60 220 9 5 65 161 71 116 27 249 78 139 82 119 97 15 20 24 76 21 82 123 78 118 14 214
-2147483602 25 294 47 213 28 96 100 218 27 20 89 226 72 148 37 246 59 36 54 102 62 125 47 203 60 55 90 103 72 167 88 211 52 86 70 198 73 171 66 247 76 137 89 120 14 64 46 181 40 249 13 4
-2147483601 25 342 50 148 83 21 81 180 50 130 39 93 36 227 71 13 70 109 74 89 42 122 90 77 97 9 57 106 76 240 42 222 98 228 48 200 100 71 52 121 81 226 85 41 81 140 22 126 99 236 86 102
-2147483600 25 198 43 189 72 99 79 69 82 137 24 59 44 51 15 227 1 34 19 130 62 247 43 116 15 58 3 90 74 3 30 147 42 183 34 33 13 33 41 235 68 160 18 27 85 80 1 211 46 49 37 17
