2147483647 25 1174 23 180 25 232 67 191 44 189 61 212 69 19 61 143 86 246 9 114 5 13 39 243 22 7 33 215 83 10 72 210 38 235 56 156 87 56 39 74 98 249 14 166 8 187 24 231 73 79 38 193
-2147483648 25 1105 37 192 74 145 80 16 44 153 10 38 45 120 9 2 11 237 23 123 24 51 49 95 87 139 13 24 48 213 42 214 63 195 62 90 36 103 43 199 3 131 95 118 1 7 48 26 98 176 60 53
-2147483647 25 1470 91 19 60 193 63 179 87 27 57 70 96 47 6 145 55 103 99 242 21 3 49 37 49 123 18 240 60 37 66 46 36 142 26 237 34 222 67 51 100 57 49 238 41 135 53 239 95 129 92 39
-2147483646 25 1600 53 102 30 2 90 118 97 122 62 156 67 243 19 232 92 131 82 145 73 202 81 52 76 53 75 71 17 173 80 21 85 81 49 36 33 97 62 73 88 57 91 136 20 24 47 28 62 71 69 85
-2147483645 25 1519 9 123 55 210 70 73 12 216 99 230 95 207 24 108 97 142 82 146 86 172 81 191 23 1 86 174 12 118 98 201 81 15 30 89 90 248 65 5 86 157 94 199 46 43 23 106 74 11 1 148
-2147483644 25 1418 73 203 35 239 81 52 65 231 68 156 73 122 69 4 85 146 1 122 60 214 12 134 65 142 71 220 99 110 92 248 3 162 80 95 61 152 59 63 54 65 88 64 75 140 27 146 15 69 7 185
-2147483643 25 1376 14 46 28 195 75 245 66 185 42 144 73 112 23 132 83 207 14 102 8 166 67 239 92 102 52 48 100 164 47 16 40 149 25 167 38 249 65 8 74 15 61 115 51 207 99 82 65 29 74 182
-2147483642 25 1249 78 99 68 175 81 48 89 199 85 87 86 59 94 24 91 79 9 136 35 205 60 236 28 26 77 65 43 105 38 40 15 38 56 206 85 89 2 184 15 214 8 250 9 5 10 247 34 46 53 169
-2147483641 25 1359 1 33 62 70 24 97 54 165 81 228 82 237 7 92 77 228 73 195 65 217 64 181 87 180 74 240 71 18 14 59 75 35 37 90 42 150 75 239 26 137 87 18 50 231 44 66 83 40 4 118
-2147483640 25 983 3 168 20 222 39 233 85 24 1 246 34 187 13 174 11 135 30 212 49 137 40 88 62 222 28 13 15 25 21 47 57 58 86 190 12 61 69 240 34 173 94 167 44 15 37 135 60 164 39 22
-2147483639 25 1034 20 195 44 204 67 177 87 204 81 19 100 95 31 214 14 105 10 207 38 109 52 79 10 238 38 116 49 243 12 219 6 79 66 123 14 80 20 250 14 2 8 33 39 95 99 130 80 21 35 44
-2147483638 25 1088 52 215 49 154 81 215 8 74 83 48 17 221 51 205 38 160 14 143 64 68 58 177 41 239 9 97 47 221 47 203 6 246 67 136 60 119 40 168 77 57 86 234 11 92 76 120 1 223 5 160
-2147483637 25 1409 17 155 35 141 58 107 96 11 31 105 86 91 40 130 91 249 100 76 67 191 53 131 70 159 89 113 12 224 35 41 53 126 78 219 7 88 31 5 40 153 44 62 98 209 77 219 83 190 18 123
-2147483636 25 1318 52 177 2 54 35 226 67 114 80 2 62 82 51 99 20 144 75 125 60 35 11 7 39 21 86 38 96 172 91 34 18 107 84 49 65 45 10 77 64 223 31 63 22 205 65 104 40 98 92 246
-2147483635 25 1220 54 6 1 229 11 217 7 15 56 243 19 183 40 7 93 9 21 5 34 211 91 163 9 32 47 184 54 215 13 113 84 165 48 212 58 144 72 159 64 66 61 205 100 250 85 229 4 14 94 93
-2147483634 25 1321 90 211 2 246 97 122 72 127 35 211 96 46 51 108 3 19 1 185 71 159 100 78 46 249 31 76 91 85 36 211 72 62 69 183 23 164 22 237 16 140 80 29 74 73 55 192 37 138 51 18
-2147483633 25 1251 19 126 39 160 50 172 95 101 3 74 25 185 55 233 47 193 59 172 72 186 25 128 86 246 81 101 75 41 96 64 24 34 76 154 78 63 31 179 66 83 2 226 7 139 84 135 33 103 23 11
-2147483632 25 1265 16 117 56 2 45 88 41 50 52 91 45 188 50 52 37 68 46 166 99 28 100 250 2 16 56 211 60 219 26 205 92 102 29 118 42 183 83 206 93 84 19 95 9 170 59 112 96 10 12 235
-2147483631 25 1317 15 27 94 41 17 122 1 191 37 64 59 70 67 216 75 19 60 143 90 131 91 20 90 248 76 121 44 178 52 137 65 168 66 147 83 205 8 208 58 109 9 40 72 187 3 116 82 155 3 179
-2147483630 25 1184 14 234 80 10 93 139 52 90 27 10 91 228 71 140 50 134 38 143 37 239 1 114 12 180 20 34 19 5 76 53 74 223 15 132 93 17 8 112 43 86 49 83 26 48 89 188 73 66 33 24
-2147483629 25 1077 22 82 55 82 5 187 46 57 77 53 44 125 11 146 3 8 65 26 48 18 45 240 41 175 15 73 45 219 55 192 97 191 10 129 9 35 26 137 37 6 76 201 52 216 39 136 89 8 65 92
-2147483628 25 1201 11 23 33 126 79 118 80 59 35 86 1 79 11 24 83 48 24 22 74 151 11 125 41 158 36 197 18 62 82 205 62 230 92 234 42 175 41 53 94 189 56 234 7 164 4 224 85 67 99 146
-2147483627 25 1116 87 23 9 68 72 110 6 223 69 218 72 75 79 156 24 52 33 160 42 64 40 243 19 115 63 56 36 117 49 84 5 89 43 33 63 37 57 170 4 63 55 187 55 84 37 195 55 173 42 241
-2147483626 25 1200 95 202 93 34 27 138 36 155 2 211 96 17 20 96 20 204 53 190 50 141 2 10 31 140 38 170 34 230 37 190 88 79 57 203 45 208 37 201 45 95 65 101 45 209 79 159 65 78 40 35
-2147483625 25 1271 88 102 18 46 97 139 86 77 48 58 7 88 55 157 17 248 46 131 79 227 90 108 32 86 27 24 98 229 41 93 6 69 78 59 46 186 79 79 5 65 55 27 61 22 74 193 8 49 30 216
-2147483624 25 1290 10 48 30 103 54 140 51 127 48 228 88 132 19 163 76 160 40 137 96 110 81 125 55 103 59 71 18 164 48 118 52 144 66 203 99 48 38 123 70 211 40 144 38 146 23 33 23 154 68 44
-2147483623 25 1293 6 120 68 150 89 63 88 17 91 88 54 106 93 50 24 227 39 152 40 21 45 199 66 206 38 221 95 150 50 156 78 138 10 111 15 247 70 7 6 150 38 147 3 75 79 65 21 43 87 151
-2147483622 25 1145 26 79 40 228 14 193 80 22 37 72 71 36 84 202 59 246 80 70 1 212 88 96 44 226 69 55 16 222 39 7 49 161 34 222 56 119 66 86 56 7 63 67 17 117 8 188 45 217 3 114
-2147483621 25 1354 72 227 84 36 81 131 37 242 41 188 100 225 39 83 79 236 81 110 29 91 47 229 63 158 38 175 38 207 57 102 29 69 32 30 42 30 64 195 9 12 53 19 95 230 41 182 86 52 17 36
-2147483620 25 1133 57 157 6 49 26 109 90 159 27 115 5 136 74 89 67 38 48 76 93 140 35 114 64 73 38 10 2 58 25 45 38 204 81 108 1 15 87 225 70 32 36 183 67 22 9 83 24 140 63 42
-2147483619 25 1044 12 245 63 188 27 249 79 71 23 9 47 150 85 67 3 213 33 223 75 3 2 27 75 171 20 207 2 107 39 161 60 126 62 54 26 222 21 10 17 108 8 158 3 229 90 14 77 54 95 130
-2147483618 25 1495 23 241 63 243 65 203 80 164 24 46 30 208 69 229 5 234 80 63 98 241 69 11 60 178 96 122 77 182 71 178 25 233 68 216 91 79 68 175 97 229 89 66 75 141 18 197 50 243 4 118
-2147483617 25 1283 94 180 52 133 43 118 2 49 20 181 91 109 66 144 30 139 89 243 26 214 89 33 12 157 70 74 42 49 27 114 67 51 18 45 74 151 65 188 80 211 47 176 28 31 28 144 68 41 55 232
-2147483616 25 1303 2 108 6 34 6 189 44 118 95 175 93 153 90 24 79 158 70 109 38 124 28 213 20 139 98 117 13 162 63 169 57 162 11 157 79 40 38 53 63 82 91 139 94 202 65 181 44 87 16 205
-2147483615 25 1156 84 108 67 8 99 160 50 27 29 32 79 213 78 221 48 139 5 214 77 169 18 169 23 29 49 219 84 230 22 248 74 15 42 102 9 100 5 147 51 82 72 72 18 122 17 164 5 54 51 202
-2147483614 25 1495 89 173 48 28 81 240 99 160 88 51 63 154 26 11 3 87 44 17 94 236 40 163 23 142 14 100 23 45 62 183 99 125 43 116 61 56 42 149 87 75 80 122 92 14 53 234 41 242 100 84
-2147483613 25 1357 91 97 99 35 96 31 54 45 30 38 91 71 66 83 75 66 56 40 86 104 46 163 90 92 71 107 30 27 40 74 44 76 69 106 45 160 55 246 82 211 14 182 13 196 6 216 5 153 3 225
-2147483612 25 1113 3 119 55 231 85 63 35 36 36 185 44 199 5 31 22 121 76 191 47 145 61 149 31 181 38 90 59 105 97 151 32 248 8 216 92 231 12 66 7 118 100 126 27 10 63 121 53 96 25 246
-2147483611 25 1509 96 212 58 65 57 238 62 38 37 147 76 171 58 209 55 123 76 165 76 206 13 188 33 98 80 236 88 78 33 30 30 70 97 217 54 134 82 39 69 46 75 111 87 81 28 103 82 9 7 142
-2147483610 25 1048 86 49 32 44 59 27 12 115 42 110 58 178 72 136 58 63 8 98 41 191 58 38 21 110 48 120 85 72 52 228 86 92 11 42 55 172 28 164 15 173 10 181 41 202 27 245 6 85 37 117
-2147483609 25 1375 10 235 62 75 38 22 78 56 38 72 14 56 66 59 39 49 93 166 85 17 36 236 79 190 75 13 74 202 39 25 28 121 4 222 79 104 98 140 64 87 85 192 57 125 1 240 70 232 63 136
-2147483608 25 1019 100 245 49 195 74 59 83 117 4 53 57 79 70 151 20 120 2 44 4 163 53 221 42 23 39 105 5 19 35 167 62 84 65 25 12 95 33 235 85 93 15 103 69 211 2 221 33 8 6 89
-2147483607 25 1289 68 144 24 25 67 155 52 178 69 215 38 77 20 6 41 77 40 183 25 61 11 99 66 196 24 167 67 140 70 180 92 93 30 38 47 240 77 246 67 115 85 12 77 10 7 41 35 116 90 147
-2147483606 25 1284 71 249 98 90 78 54 3 111 78 179 17 171 9 114 84 139 42 150 54 21 6 95 13 204 42 49 98 190 66 218 35 91 87 81 72 161 54 186 9 77 46 62 99 136 71 206 10 29 42 158
-2147483605 25 1192 20 119 2 82 29 107 53 67 19 45 14 133 55 1 86 66 65 97 1 183 70 115 98 171 100 169 51 23 79 231 73 247 40 184 32 171 17 209 95 87 2 21 88 138 9 183 82 182 12 204
-2147483604 25 1415 46 203 27 108 50 67 11 250 36 223 92 20 88 79 82 47 100 243 2 237 32 8 3 49 58 29 93 99 85 10 21 75 85 119 73 86 75 208 34 25 72 65 18 149 58 248 78 143 96 200
-2147483603 25 1361 52 70 83 138 48 102 67 99 80 126 44 1 81 70 48 132 62 56 36 239 32 19 22 125 67 197 49 111 36 112 24 219 73 17 43 49 48 21 59 68 59 5 28 97 30 188 92 230 98 67
-2147483602 25 1345 88 73 35 22 79 2 87 69 45 56 72 172 10 110 76 130 64 56 61 55 50 48 24 191 58 134 52 123 45 122 76 81 78 25 41 142 11 69 85 138 50 140 24 149 100 247 12 158 22 180
-2147483601 25 1447 85 176 91 22 47 121 62 246 98 17 47 182 39 62 83 199 82 232 7 164 48 142 22 177 17 54 70 70 85 227 100 174 61 226 78 19 39 100 6 89 47 131 8 214 77 226 65 146 83 180
-2147483600 25 1138 24 76 29 114 1 112 67 176 73 128 61 179 21 54 62 246 29 250 38 86 36 211 87 108 70 159 34 86 22 41 6 114 47 85 91 118 79 144 18 127 9 196 23 73 100 209 27 72 84 162
