2147483647 25 1482 48 74 6 162 84 57 93 221 69 178 60 164 78 201 77 112 15 132 90 72 91 44 87 60 85 139 60 77 67 144 82 35 87 217 79 176 10 178 59 194 42 45 43 48 99 48 64 32 72 134
-2147483648 25 1194 42 156 72 69 87 140 83 113 87 123 3 171 63 224 56 104 60 161 13 46 42 136 36 211 74 86 4 93 47 188 91 220 38 154 16 58 18 246 69 11 48 178 73 26 61 69 52 50 92 160
-2147483647 25 1103 38 84 18 185 18 228 9 53 29 137 96 47 43 83 81 145 57 244 57 62 2 9 96 185 14 139 2 163 76 233 29 34 27 117 88 110 38 239 65 165 51 153 85 233 94 161 51 126 62 18
-2147483646 25 922 75 158 11 176 37 60 26 96 89 4 31 44 15 143 64 6 1 4 98 165 68 120 27 129 41 52 16 229 71 194 99 114 41 22 16 194 33 104 16 53 43 116 39 144 4 5 60 12 4 143
-2147483645 25 1048 71 176 5 243 22 114 18 93 38 221 15 89 34 137 45 124 33 192 91 119 98 84 94 90 91 244 38 125 2 103 7 181 12 29 69 83 57 217 71 235 75 212 30 22 40 184 58 179 51 122
-2147483644 25 1206 19 120 83 32 84 182 10 54 23 30 63 73 84 185 41 132 7 244 40 193 92 36 62 51 23 3 94 202 73 111 30 229 93 28 5 190 84 36 97 16 26 149 36 24 34 191 63 100 74 4
-2147483643 25 1240 18 161 16 198 85 95 80 197 19 132 23 119 44 38 59 120 91 107 62 220 49 220 47 211 98 201 61 149 21 85 61 93 99 190 17 208 14 240 62 81 49 212 80 231 100 97 41 226 82 6
-2147483642 25 1180 78 75 90 63 15 218 6 187 47 63 9 17 63 16 83 196 90 242 75 127 29 57 36 22 15 88 48 138 26 71 57 9 59 117 29 182 34 84 48 200 59 140 87 52 63 173 100 129 66 184
-2147483641 25 1053 2 236 96 94 3 27 73 126 66 244 79 57 1 92 70 73 10 8 63 143 83 52 13 173 42 187 39 102 26 9 14 70 98 25 65 2 21 93 51 215 35 73 9 89 66 195 65 188 81 67
-2147483640 25 1251 32 158 48 111 33 223 19 176 30 112 74 109 73 179 53 94 72 183 75 56 60 24 52 169 45 42 46 23 92 64 36 60 89 209 69 52 73 218 91 5 32 162 46 11 36 245 42 19 72 41
-2147483639 25 1306 30 76 26 202 98 176 98 107 80 224 69 39 13 143 99 203 78 179 69 172 74 1 34 46 5 173 17 115 77 219 63 15 18 220 87 38 58 210 58 94 73 65 53 215 83 130 68 151 24 89
-2147483638 25 1001 29 241 36 156 15 99 31 77 86 18 18 119 13 88 36 248 51 233 83 19 31 140 34 209 42 40 36 22 77 146 44 14 55 198 68 173 19 246 100 10 6 44 52 45 53 216 18 7 80 250
-2147483637 25 1058 11 25 56 109 94 244 60 72 7 89 87 125 41 104 30 21 11 120 7 25 52 29 27 8 30 199 90 117 82 172 47 230 79 6 36 180 100 237 1 15 30 218 56 178 29 212 80 97 33 214
-2147483636 25 1289 49 211 97 188 87 66 55 191 73 91 45 49 29 59 22 158 96 53 58 240 27 219 84 207 59 29 68 94 51 250 23 246 84 50 74 177 47 70 47 48 65 230 39 231 16 151 56 28 82 33
-2147483635 25 1042 7 21 1 225 91 148 2 145 97 130 58 48 50 103 39 59 12 212 52 147 4 38 51 106 8 164 3 157 77 209 76 208 92 190 74 205 35 187 40 78 27 243 50 191 38 222 100 125 74 127
-2147483634 25 1173 9 194 66 147 20 183 25 55 36 1 6 27 84 242 87 142 79 53 32 45 52 145 15 5 35 133 91 85 3 161 85 27 42 126 70 152 24 233 83 147 94 219 70 193 85 140 34 157 77 164
-2147483633 25 1222 81 72 24 239 31 145 49 53 92 127 86 191 62 67 27 76 88 125 24 175 9 43 58 195 94 104 34 70 5 27 94 212 40 42 80 175 75 71 92 164 79 191 42 100 3 171 71 225 18 235
-2147483632 25 1089 60 66 11 43 5 11 59 95 33 157 49 64 48 220 42 68 58 40 56 123 82 85 26 58 74 70 91 111 18 22 38 194 36 121 95 99 53 133 78 212 16 65 10 158 14 129 90 179 68 113
-2147483631 25 1337 21 121 79 114 72 132 73 156 97 227 71 86 69 15 83 157 46 88 16 56 20 80 48 74 95 154 81 211 33 120 30 133 97 21 99 169 61 179 30 143 63 2 92 76 7 185 94 130 9 23
-2147483630 25 1219 75 70 41 56 58 88 84 95 20 42 86 122 70 206 57 171 50 44 40 199 75 5 80 165 33 217 40 64 39 120 35 31 76 188 35 83 11 45 71 74 35 142 79 11 39 88 73 221 53 31
-2147483629 25 1251 68 66 14 119 92 115 35 79 72 181 80 14 85 137 81 48 88 226 37 147 20 179 16 246 76 136 33 121 43 213 61 25 12 185 58 9 20 229 35 228 64 35 97 121 69 191 68 141 67 10
-2147483628 25 1348 15 217 76 76 85 128 85 44 100 67 3 149 37 35 34 235 18 133 86 131 44 122 66 100 97 86 17 160 91 208 68 13 70 109 36 136 95 49 72 234 46 186 53 206 89 215 76 14 39 153
-2147483627 25 1260 58 206 10 59 22 17 58 96 71 120 22 97 53 227 82 221 45 190 8 41 70 135 91 55 36 197 8 30 85 115 73 105 28 206 66 125 89 57 88 149 71 23 98 59 100 199 12 111 56 49
-2147483626 25 1134 61 62 74 128 47 23 30 135 21 35 100 234 56 70 76 53 78 161 44 164 24 35 75 54 38 186 2 123 19 142 69 197 82 104 30 69 51 148 82 178 73 203 65 72 9 100 50 216 5 233
-2147483625 25 1204 52 70 7 66 50 111 1 127 94 46 7 154 97 221 4 66 16 134 86 243 25 146 78 223 87 217 30 91 73 84 30 61 62 91 51 28 81 126 62 184 69 171 35 164 57 95 92 180 92 193
-2147483624 25 1223 69 41 36 118 6 55 34 86 59 15 68 219 30 73 24 201 40 10 31 3 77 248 70 30 65 65 50 141 98 103 34 167 58 171 14 156 91 117 97 121 53 160 36 207 93 149 63 82 63 233
-2147483623 25 1133 34 100 93 7 52 142 29 3 13 65 42 115 93 248 15 15 62 11 53 144 53 13 22 222 88 36 48 126 47 27 44 201 51 90 83 6 93 28 4 13 38 113 52 75 44 163 36 13 70 221
-2147483622 25 1009 63 56 94 210 11 202 98 146 31 112 70 186 25 50 10 19 22 6 19 63 8 140 70 147 86 35 24 53 19 233 10 203 16 6 65 65 84 157 85 36 8 134 89 80 74 247 40 238 1 145
-2147483621 25 964 20 21 14 225 67 248 4 226 21 56 84 73 4 247 32 170 25 37 31 22 29 95 62 43 70 87 16 22 30 41 67 124 25 201 40 228 80 107 82 248 65 162 29 170 64 150 36 219 75 165
-2147483620 25 1197 97 8 4 145 21 183 93 89 82 55 52 121 72 191 29 27 68 19 53 121 7 44 14 87 86 191 95 52 64 173 87 150 72 226 18 230 64 25 28 112 32 199 93 8 56 53 14 57 29 167
-2147483619 25 1242 71 87 84 210 70 173 61 160 90 60 33 191 84 12 67 4 97 75 12 61 75 108 4 169 47 147 89 149 82 42 27 130 52 26 36 53 80 240 85 173 20 44 46 9 22 30 5 46 42 40
-2147483618 25 1139 43 40 59 115 84 13 5 180 65 215 89 227 38 100 1 184 61 200 70 114 49 223 63 236 93 212 7 243 3 120 14 114 64 181 92 117 78 239 19 105 82 17 33 48 47 84 93 18 14 155
-2147483617 25 1170 53 156 51 38 57 108 100 157 41 6 11 134 48 185 26 97 21 7 34 98 45 39 46 193 35 231 11 67 100 60 89 130 86 98 67 106 82 166 5 55 69 38 76 40 89 2 55 24 4 221
-2147483616 25 1229 49 120 4 236 25 95 87 89 65 216 60 133 39 113 92 13 88 184 72 231 96 100 8 177 56 241 72 25 6 186 99 136 22 5 49 118 40 88 83 11 22 104 57 149 87 122 65 184 23 90
-2147483615 25 1305 66 44 76 182 89 78 69 148 41 186 34 98 29 139 41 192 3 202 12 212 85 83 26 104 93 31 91 143 86 31 93 128 30 170 24 45 99 231 78 100 67 27 79 238 66 50 72 171 1 209
-2147483614 25 1257 53 213 17 196 27 23 91 42 66 190 30 146 28 148 27 127 77 63 44 136 65 24 65 110 5 76 64 190 99 160 60 128 49 190 30 189 86 49 92 128 96 53 10 57 81 89 74 143 61 41
-2147483613 25 810 12 64 26 190 70 76 7 82 7 12 97 164 56 114 42 211 21 66 4 32 78 249 34 217 22 35 22 238 71 207 12 205 8 93 58 193 68 160 10 183 69 17 39 59 52 200 8 182 7 30
-2147483612 25 1078 86 209 12 48 71 83 33 231 29 9 75 99 86 207 77 108 60 110 7 174 17 187 76 139 99 70 36 15 1 105 18 215 26 72 5 239 62 94 88 224 41 155 29 66 45 14 70 11 49 191
-2147483611 25 1074 74 165 51 125 22 123 78 142 55 195 99 181 64 59 1 171 19 155 6 15 52 116 68 201 73 31 86 105 17 86 18 226 1 173 40 54 18 44 78 182 96 190 45 148 99 113 27 44 7 81
-2147483610 25 1154 24 146 79 228 39 127 4 60 93 51 59 27 11 146 80 127 80 243 68 143 70 159 33 35 23 80 59 123 50 165 82 182 24 149 64 156 11 169 86 7 88 110 14 245 3 232 49 204 90 41
-2147483609 25 1215 39 148 80 179 73 4 4 80 51 132 98 80 26 54 92 222 84 4 57 174 5 109 14 44 42 39 10 225 97 248 7 89 59 214 7 78 88 25 63 95 63 151 70 219 82 152 77 164 62 81
-2147483608 25 1368 35 165 76 121 84 44 64 232 8 151 92 34 96 125 99 6 81 215 13 109 24 187 4 233 62 214 54 96 52 39 71 215 82 116 35 161 64 245 57 177 59 122 84 135 99 207 57 198 69 171
-2147483607 25 1048 23 231 43 66 86 13 12 97 44 157 54 34 49 88 60 208 99 57 81 140 94 98 5 193 93 7 60 123 82 70 18 11 20 151 31 13 66 106 44 21 5 244 22 135 33 203 37 79 4 44
-2147483606 25 1335 88 243 57 229 74 124 94 83 99 189 61 40 80 203 77 26 86 104 53 74 50 143 28 179 11 149 53 119 92 141 65 196 53 54 70 67 72 159 60 174 40 53 86 47 2 155 29 219 4 203
-2147483605 25 1062 18 133 38 111 25 122 4 192 97 238 33 153 74 214 83 107 13 134 7 181 24 114 93 22 64 237 71 233 83 184 74 249 27 30 44 127 61 118 28 142 43 150 18 38 46 250 58 145 54 160
-2147483604 25 1182 30 192 10 57 86 183 18 139 66 249 30 100 99 139 52 106 7 30 90 84 69 79 94 215 47 98 86 11 97 99 68 66 16 193 50 4 51 167 57 40 67 215 56 162 42 18 7 120 19 241
-2147483603 25 1129 82 218 28 187 73 186 14 147 79 25 99 116 37 36 24 214 16 183 52 181 89 46 58 111 83 249 52 225 47 176 86 71 58 34 3 76 88 41 89 165 27 218 12 157 2 88 49 41 8 1
-2147483602 25 1212 89 243 19 116 42 3 46 232 91 231 63 192 21 50 91 59 51 195 40 98 44 165 27 139 29 68 91 192 44 246 77 80 96 238 78 92 96 59 30 216 16 230 63 91 12 133 60 155 31 248
-2147483601 25 1123 1 187 65 68 30 235 55 51 71 244 19 118 30 35 43 19 51 95 31 199 25 116 72 218 83 208 41 104 45 178 41 115 46 14 73 189 100 68 96 174 25 36 17 136 29 147 62 197 97 230
-2147483600 25 989 59 52 39 74 8 51 13 120 62 145 19 7 4 161 9 192 40 19 4 89 77 71 50 234 83 195 53 109 57 123 36 37 70 184 44 194 94 142 26 140 15 110 59 45 9 166 95 120 74 245
