2147483647 25 1086 59 172 12 223 99 238 59 182 38 194 24 199 98 165 19 132 26 103 69 78 25 29 49 35 41 138 13 36 75 202 100 82 50 27 22 120 6 200 21 109 57 110 23 138 10 104 8 87 83 192
-2147483648 25 1437 66 17 88 36 21 71 70 83 43 109 14 105 76 157 53 244 11 145 78 78 2 86 75 61 90 211 66 242 19 120 74 212 55 152 99 188 89 171 9 79 12 55 73 219 85 63 85 238 84 156
-2147483647 25 1334 26 212 97 2 9 213 85 186 82 10 23 137 89 192 16 219 52 11 56 151 36 168 82 21 55 166 34 99 62 42 2 218 2 244 88 25 83 181 84 161 77 16 20 162 83 87 52 87 39 19
-2147483646 25 1469 95 187 75 192 83 73 43 41 69 11 33 175 92 86 68 198 44 125 52 70 15 69 34 83 92 42 68 110 52 18 52 116 82 65 23 161 55 165 81 58 70 34 93 153 48 150 40 229 10 228
-2147483645 25 1192 20 59 19 133 57 25 70 62 54 53 32 13 68 32 31 225 77 214 56 144 9 64 72 4 87 47 62 67 11 177 18 73 95 90 83 128 46 130 76 249 73 18 5 100 20 87 30 242 21 214
-2147483644 25 1051 55 72 12 64 30 245 44 228 25 136 62 104 84 140 78 164 7 58 17 206 23 224 90 66 30 23 61 148 6 203 45 150 10 140 85 100 54 73 31 194 83 232 19 166 49 240 32 138 19 121
-2147483643 25 1072 38 103 38 66 68 169 36 70 27 102 10 178 1 48 27 214 59 200 15 225 58 244 83 190 64 77 72 237 86 227 44 56 32 203 49 247 49 210 27 187 25 90 46 63 55 181 11 35 52 63
-2147483642 25 966 4 23 23 216 85 214 17 142 81 5 48 59 25 198 5 183 78 132 57 11 28 204 40 182 7 238 45 43 9 242 42 31 6 160 99 227 50 38 48 74 17 238 53 103 75 143 14 130 10 177
-2147483641 25 1498 56 92 52 240 10 146 91 135 76 249 51 43 12 142 81 26 48 75 26 237 60 105 90 30 83 159 69 242 16 196 68 178 15 48 67 60 78 144 78 131 57 71 70 172 85 126 79 80 80 10
-2147483640 25 1452 27 99 46 40 52 72 80 50 26 237 99 231 66 32 12 82 37 222 91 35 42 118 43 26 16 68 61 236 59 101 99 213 80 110 1 77 73 201 51 244 75 123 90 102 62 3 74 245 90 159
-2147483639 25 1101 12 77 11 135 42 65 81 4 20 99 42 45 25 54 62 64 53 85 6 8 31 202 52 52 22 34 22 236 12 29 58 58 43 170 77 208 94 144 85 33 97 66 32 54 48 232 47 250 27 131
-2147483638 25 1307 3 144 33 137 78 135 68 249 49 198 11 15 3 132 74 198 36 167 37 51 80 84 47 28 55 236 4 3 95 75 54 243 88 215 52 163 40 49 65 219 99 187 94 3 28 167 80 158 34 41
-2147483637 25 1297 84 33 50 75 25 11 25 70 6 46 58 147 16 112 45 168 10 209 87 185 72 214 49 161 87 190 31 165 39 161 83 56 78 80 53 4 37 191 30 104 95 217 100 25 32 111 77 103 28 159
-2147483636 25 907 15 247 49 158 63 87 40 235 1 195 58 206 1 88 15 131 37 126 29 165 92 58 53 229 33 210 36 24 25 158 73 100 62 54 3 62 56 105 19 141 20 190 39 50 12 131 73 120 3 2
-2147483635 25 1382 14 235 24 165 86 142 50 52 67 188 84 98 15 114 61 44 70 41 60 221 73 198 65 26 99 188 63 179 23 163 72 91 60 240 3 111 53 131 65 47 28 122 58 105 95 45 60 161 34 46
-2147483634 25 1364 53 15 98 41 17 241 92 198 68 36 45 99 51 9 36 132 48 220 5 32 7 80 62 161 74 139 82 82 20 40 51 180 22 121 88 96 45 198 18 31 94 154 52 109 65 218 96 31 75 2
-2147483633 25 1327 25 204 33 216 46 15 42 69 39 153 44 224 33 163 38 52 4 206 100 52 95 233 83 116 37 117 34 80 60 22 33 210 90 162 70 89 71 29 63 22 73 16 98 14 72 89 26 187 18 65
-2147483632 25 1335 96 30 19 194 59 137 24 229 87 208 1 48 67 225 84 92 26 135 49 220 63 53 94 151 27 164 96 131 40 33 78 88 25 242 13 208 52 91 75 95 20 187 57 216 65 102 23 224 95 178
-2147483631 25 1377 78 143 93 179 17 47 37 31 71 192 26 122 12 125 46 60 33 241 61 19 34 199 82 228 66 116 32 222 36 65 60 33 83 130 85 250 71 53 13 103 98 94 90 24 88 87 34 51 31 234
-2147483630 25 1090 28 162 74 24 56 97 56 218 28 229 14 217 5 240 39 223 96 22 10 20 50 19 46 97 17 81 74 125 53 11 44 201 69 42 90 61 56 114 12 206 37 61 69 103 21 18 30 40 16 100
-2147483629 25 1154 24 163 48 172 4 161 1 193 15 134 82 144 34 125 75 59 75 73 69 214 12 14 10 200 47 76 88 191 46 7 17 174 68 159 38 179 28 97 49 104 93 74 99 65 80 183 50 133 2 45
-2147483628 25 1460 39 33 24 121 94 174 79 201 46 61 83 155 94 126 26 79 22 131 71 175 94 156 99 232 89 195 66 95 32 169 56 174 81 198 18 184 49 241 54 236 21 91 56 36 87 203 46 20 34 39
-2147483627 25 1357 78 68 78 192 20 166 55 212 4 214 52 149 55 81 39 183 6 217 70 149 81 225 96 92 4 206 18 124 90 127 65 169 78 107 44 242 9 246 82 32 84 84 73 97 66 27 12 179 98 202
-2147483626 25 1086 31 196 71 66 16 186 9 82 24 246 84 221 66 152 31 25 58 100 8 98 53 229 73 63 31 95 36 105 10 83 23 100 12 233 67 67 68 187 60 227 73 106 80 97 3 25 49 152 50 141
-2147483625 25 1273 100 6 48 179 27 195 10 157 20 46 96 105 58 18 35 61 34 5 99 232 93 179 35 180 11 95 82 147 99 79 15 244 34 157 69 152 41 196 23 151 97 47 3 136 26 92 79 148 39 193
-2147483624 25 1129 52 79 49 217 4 147 25 213 18 57 17 81 21 125 95 224 11 89 68 83 96 160 52 244 18 194 35 241 37 183 74 221 5 54 75 19 81 248 93 243 22 23 30 106 59 60 32 173 60 248
-2147483623 25 1242 3 137 63 135 53 202 32 217 77 169 60 124 56 160 72 77 72 128 30 160 49 129 73 194 94 79 2 63 1 152 25 7 16 217 57 169 68 220 54 109 56 33 94 28 77 161 42 120 16 178
-2147483622 25 1222 12 159 23 211 41 40 16 106 42 40 3 163 19 45 52 188 86 48 63 98 63 45 53 139 29 72 20 176 77 88 41 221 99 159 73 99 80 221 82 51 4 212 86 57 3 94 98 220 57 151
-2147483621 25 1133 27 47 79 198 75 18 8 235 77 211 29 45 73 69 82 113 67 152 34 122 81 93 34 167 60 90 4 143 24 150 18 127 79 239 30 132 3 93 47 198 22 189 98 235 3 196 40 175 39 181
-2147483620 25 1183 19 49 10 130 87 173 88 225 27 28 50 109 62 71 39 228 81 103 28 69 21 123 3 43 43 15 96 206 76 86 55 235 54 160 46 100 33 84 30 147 45 199 3 16 8 103 97 222 82 62
-2147483619 25 1187 17 5 74 49 20 42 26 37 99 2 49 133 95 7 17 101 43 124 74 180 9 45 52 26 24 149 52 53 49 83 46 161 35 49 84 135 37 22 69 87 10 43 88 10 20 11 44 155 54 44
-2147483618 25 1039 34 155 36 214 72 149 45 58 81 232 57 65 57 228 46 101 45 203 49 34 16 145 31 10 62 125 8 14 12 154 23 115 24 146 31 238 18 189 19 246 68 186 24 62 65 173 65 25 51 35
-2147483617 25 1108 23 166 72 134 70 84 4 195 39 38 40 155 61 156 21 229 58 95 67 189 36 87 50 150 60 36 29 61 25 199 38 118 46 24 1 39 43 9 94 204 19 81 44 199 95 159 71 131 2 95
-2147483616 25 1439 28 93 73 193 97 80 92 65 56 39 5 234 63 126 3 157 66 114 67 147 27 213 91 175 65 214 34 89 38 86 74 163 72 115 42 170 78 83 94 83 49 247 27 28 49 74 74 37 75 100
-2147483615 25 1187 74 4 25 160 72 224 50 12 25 218 39 245 52 26 44 234 79 53 27 180 55 188 71 202 86 48 10 150 34 212 100 17 87 62 71 145 14 50 63 97 7 4 37 147 12 201 52 224 1 197
-2147483614 25 1420 62 138 54 79 36 100 51 114 100 211 31 248 91 42 24 154 75 94 82 92 77 220 38 32 47 124 93 246 39 234 77 250 49 77 32 211 71 205 30 175 67 151 69 142 77 231 18 127 30 248
-2147483613 25 1198 88 15 87 63 19 83 75 28 32 33 5 20 13 133 39 111 38 22 27 169 79 231 28 118 49 10 40 168 55 172 66 105 75 132 67 233 86 104 4 42 55 22 25 169 62 157 12 248 72 95
-2147483612 25 1352 67 125 30 235 97 197 98 90 46 131 5 30 95 198 65 154 72 125 3 190 67 143 85 228 25 116 54 89 46 64 74 29 75 8 6 179 82 8 8 69 56 29 40 124 91 9 11 157 54 34
-2147483611 25 1025 39 50 71 57 11 236 69 162 30 35 91 8 26 163 6 77 37 220 34 109 16 222 56 136 39 114 58 123 9 28 63 116 31 81 70 105 27 95 7 141 52 242 60 193 62 163 8 246 53 103
-2147483610 25 1192 42 170 30 242 23 170 43 200 17 126 91 197 97 55 11 165 64 93 4 177 94 138 68 131 33 73 18 100 27 176 81 172 39 26 66 151 78 19 41 236 58 78 73 136 53 209 20 41 21 59
-2147483609 25 1297 87 35 79 135 67 28 83 210 51 24 55 78 79 231 42 108 53 48 51 233 14 21 24 215 63 191 70 207 93 226 7 199 5 212 33 177 96 40 55 116 26 22 78 8 1 46 47 135 38 243
-2147483608 25 1267 47 127 6 176 37 170 47 15 51 99 97 141 19 1 41 129 71 92 68 63 83 231 34 150 96 86 79 105 89 39 39 87 66 110 5 6 12 129 9 155 91 12 18 23 5 147 61 189 96 70
-2147483607 25 1138 1 195 20 86 38 39 69 39 58 142 32 240 91 243 40 240 100 128 48 20 13 96 13 77 48 42 90 20 93 211 36 232 62 139 27 249 71 238 15 70 52 115 24 106 43 159 39 106 15 214
-2147483606 25 1544 50 68 24 155 58 177 79 118 79 177 32 36 64 234 70 225 93 101 85 20 68 91 54 229 79 242 55 42 39 173 2 222 97 64 51 135 97 73 1 187 100 81 89 157 26 146 53 46 99 93
-2147483605 25 1286 26 166 74 199 58 129 76 32 68 37 82 175 4 195 96 134 32 229 83 83 66 205 66 137 45 227 13 242 9 28 34 87 78 17 15 88 59 226 48 66 5 74 96 20 8 229 62 98 83 110
-2147483604 25 1332 73 122 26 93 4 176 28 40 68 92 27 2 72 11 8 214 40 164 76 217 92 200 16 220 88 58 79 123 63 154 94 87 10 47 72 33 90 248 30 141 36 140 57 18 60 161 93 248 30 169
-2147483603 25 1128 86 54 48 4 10 88 25 220 85 218 50 194 22 149 97 233 73 213 93 5 42 70 58 245 35 44 63 67 17 231 95 5 14 104 4 57 77 70 11 153 15 151 39 91 20 86 29 231 20 53
-2147483602 25 1137 94 151 49 128 59 209 69 52 11 212 13 11 87 66 46 225 49 56 18 150 84 80 20 54 69 99 56 243 32 186 18 63 35 167 77 233 50 112 14 150 30 65 65 41 53 25 6 3 33 58
-2147483601 25 1288 61 39 55 202 37 58 20 231 20 129 67 95 77 3 5 132 94 136 98 18 15 68 34 196 43 213 89 122 87 52 72 117 37 66 28 183 50 118 66 173 99 79 7 187 33 28 28 67 66 62
-2147483600 25 1267 34 199 52 167 58 236 52 115 43 95 67 35 85 7 41 30 76 225 59 102 59 143 73 165 32 12 77 147 32 106 84 163 22 86 32 197 29 209 25 178 22 228 85 14 94 64 18 173 16 191
