2147483647 25 1231 63 47 49 123 62 45 13 237 52 85 11 145 80 143 92 176 5 176 28 54 21 91 100 107 66 249 27 231 28 24 57 226 28 13 40 224 23 129 85 188 85 238 33 161 53 61 35 141 95 156
-2147483648 25 1465 78 37 99 194 58 159 77 208 56 12 93 31 95 51 18 85 10 101 86 235 15 176 89 119 35 102 72 172 97 164 31 187 81 73 52 93 93 72 21 121 34 33 61 70 34 194 62 108 18 118
-2147483647 25 1122 37 81 18 63 80 129 66 128 20 157 17 127 38 242 80 223 34 180 18 136 20 127 67 201 79 1 58 101 43 188 88 199 8 11 5 218 56 177 39 189 34 137 27 176 52 15 60 213 78 192
-2147483646 25 1235 40 244 28 15 78 15 7 88 46 123 10 82 29 43 37 83 5 232 4 106 69 92 97 236 7 121 100 166 34 194 43 181 75 176 79 132 76 211 88 54 34 245 55 155 15 228 95 48 84 246
-2147483645 25 1173 62 130 35 145 46 105 6 115 8 98 24 127 12 246 21 225 51 241 75 97 18 19 37 180 70 128 63 160 70 117 63 78 99 244 89 110 40 237 90 118 34 33 98 114 12 46 35 155 15 23
-2147483644 25 1207 1 80 17 91 4 214 88 167 50 143 14 30 89 28 10 192 56 121 72 112 96 14 58 232 51 173 11 215 31 62 95 78 57 28 68 152 97 137 28 115 12 101 58 250 52 166 77 16 15 121
-2147483643 25 1400 52 24 54 22 2 11 78 32 90 21 38 212 40 235 96 18 55 230 62 204 38 185 22 237 74 182 62 126 79 189 99 76 86 130 39 218 57 42 100 116 25 92 31 161 31 66 72 212 18 83
-2147483642 25 1246 67 139 7 219 50 201 61 28 31 99 87 73 70 180 81 21 59 93 25 147 84 124 96 36 14 64 41 213 11 146 18 191 14 62 64 159 5 61 75 89 64 153 65 83 33 113 41 229 83 164
-2147483641 25 1240 50 164 15 113 80 71 71 50 14 203 78 79 58 229 56 53 55 153 46 73 97 23 90 152 42 57 6 207 15 220 48 161 54 157 10 83 91 200 53 11 61 77 36 45 22 229 39 192 53 211
-2147483640 25 1259 6 122 93 240 10 87 19 38 18 82 3 163 97 140 28 15 89 47 86 104 24 116 73 147 65 236 50 8 71 6 88 192 51 201 73 151 15 227 75 80 23 194 98 50 34 62 26 56 44 29
-2147483639 25 1487 64 167 58 91 26 55 31 188 25 3 78 29 78 71 92 125 89 16 41 158 39 158 41 88 83 185 60 21 97 9 20 151 71 193 97 239 99 67 71 59 28 119 35 13 76 67 55 160 33 238
-2147483638 25 1058 27 178 59 168 7 103 42 166 50 94 70 173 98 100 47 235 36 113 21 14 69 120 53 8 53 72 30 20 93 156 3 48 34 153 87 99 3 69 6 129 65 189 21 156 16 166 56 127 12 191
-2147483637 25 1419 56 199 25 23 83 193 38 30 85 75 75 220 49 19 49 88 47 128 63 132 3 68 29 57 90 109 89 113 94 1 22 125 80 114 59 155 23 241 74 19 27 119 96 188 56 111 11 5 96 182
-2147483636 25 1166 55 244 100 207 21 223 26 23 35 50 10 139 70 222 1 71 51 59 25 60 32 128 72 66 26 67 71 91 29 165 9 208 64 22 66 210 98 229 93 79 12 6 87 202 91 220 10 104 12 85
-2147483635 25 1375 66 107 85 92 69 26 64 99 47 229 6 139 75 172 64 101 53 153 32 113 93 107 48 199 24 96 68 82 80 197 67 112 21 127 82 225 61 111 29 19 36 86 63 27 3 67 51 138 88 206
-2147483634 25 1155 1 201 25 119 60 121 86 67 81 163 6 118 10 66 98 227 16 146 35 112 66 177 79 72 81 205 56 79 37 109 14 93 24 96 85 208 87 176 10 169 36 38 15 111 42 29 35 143 70 174
-2147483633 25 1501 2 90 41 202 65 53 63 50 53 248 63 166 37 217 5 52 70 228 91 200 59 65 95 182 71 90 85 13 93 135 75 236 90 37 75 135 36 93 74 221 36 92 55 181 24 147 93 233 50 210
-2147483632 25 1247 73 20 10 169 81 200 4 161 86 241 19 150 91 20 75 164 62 26 3 89 99 97 73 132 11 240 12 9 89 152 87 154 69 242 30 122 77 82 13 155 30 78 22 50 39 240 86 1 6 220
-2147483631 25 1141 36 11 27 21 57 92 4 170 40 232 29 68 54 242 24 208 46 1 16 145 62 112 89 208 65 69 79 125 28 212 38 159 89 159 72 115 1 189 14 101 69 105 67 55 39 227 5 210 91 52
-2147483630 25 1367 42 131 66 76 36 74 58 35 80 214 99 42 49 220 80 52 34 201 97 118 21 161 90 219 87 70 78 228 12 171 12 133 21 192 84 139 7 103 70 213 27 171 2 189 56 205 97 223 62 231
-2147483629 25 1101 37 206 57 64 70 108 53 118 34 161 16 115 18 89 23 2 91 72 42 151 14 171 29 39 44 211 97 99 74 147 32 25 41 222 35 25 32 220 57 164 53 180 11 174 8 84 71 246 62 30
-2147483628 25 1621 59 189 81 218 91 59 72 220 64 112 47 238 55 218 84 223 97 37 77 135 81 73 26 228 99 83 25 171 32 215 81 225 62 151 77 131 84 120 40 118 93 216 43 117 74 64 36 176 41 32
-2147483627 25 1193 25 51 42 125 12 100 83 89 9 35 22 221 4 207 49 201 35 82 29 187 80 52 61 55 68 86 48 8 5 220 16 72 9 143 79 49 97 153 56 13 76 192 94 197 60 106 59 236 75 218
-2147483626 25 1287 69 137 8 74 77 188 64 61 78 171 12 235 97 51 51 188 40 120 36 237 53 28 72 116 90 76 89 122 25 158 36 233 18 108 23 236 19 216 19 241 55 76 90 128 51 102 26 225 89 155
-2147483625 25 1255 85 104 73 140 88 156 87 190 11 27 39 117 4 142 90 65 51 20 13 172 4 167 99 234 18 123 35 109 39 57 6 60 65 195 80 129 41 165 28 128 77 166 98 199 23 218 6 184 95 45
-2147483624 25 1420 42 247 85 102 92 5 90 66 46 72 49 127 53 33 29 80 65 172 98 230 20 184 59 44 53 202 5 147 54 248 77 240 98 152 37 224 63 66 16 19 56 162 59 19 78 216 40 106 56 92
-2147483623 25 1379 34 187 10 230 93 158 73 241 22 67 96 244 23 233 58 148 83 51 86 246 28 101 63 215 48 102 73 217 83 68 24 41 2 83 9 235 96 203 91 43 8 215 15 75 79 181 89 154 93 186
-2147483622 25 814 60 51 15 58 6 157 64 196 50 115 6 181 63 19 6 177 2 3 52 229 19 148 78 82 89 141 5 195 18 244 53 195 18 168 1 60 30 160 2 197 10 18 51 180 15 141 43 39 58 235
-2147483621 25 998 7 189 53 211 9 104 41 33 20 146 11 179 36 70 39 91 52 170 1 134 47 25 61 243 82 187 53 61 90 26 18 243 86 177 81 234 13 54 7 79 80 42 4 39 45 104 52 241 10 130
-2147483620 25 1413 50 139 62 25 53 109 85 14 68 187 16 213 72 2 56 132 95 170 74 2 100 134 18 7 69 156 45 51 59 135 72 21 10 84 19 154 77 7 67 110 78 205 30 122 83 213 2 192 53 188
-2147483619 25 1198 78 132 29 237 56 242 57 249 17 38 54 221 24 156 22 103 24 246 44 226 43 53 73 179 70 137 57 177 32 23 46 22 62 184 4 42 71 150 17 217 76 173 75 246 32 242 40 138 95 208
-2147483618 25 1319 46 93 5 43 9 185 72 162 45 8 74 225 12 88 64 38 52 84 75 170 21 125 37 238 49 171 92 219 23 216 71 171 24 187 86 80 49 143 97 232 61 175 83 180 5 116 87 142 80 155
-2147483617 25 1244 25 250 12 153 95 150 30 217 48 131 73 44 21 241 92 14 28 101 63 61 33 56 95 39 95 248 62 203 56 104 43 200 42 136 41 90 14 176 23 153 23 239 79 107 92 176 48 49 11 26
-2147483616 25 1210 44 108 33 95 59 67 37 51 8 230 62 125 72 7 5 32 39 45 83 153 79 13 57 143 48 119 28 239 67 94 6 27 81 95 49 98 65 212 60 180 77 52 22 121 24 65 61 154 44 109
-2147483615 25 1155 23 56 49 196 80 240 26 17 92 233 44 242 4 62 35 130 64 247 37 58 71 33 44 231 62 167 18 56 29 154 66 127 84 36 29 158 10 138 70 3 48 34 98 128 38 79 3 4 31 98
-2147483614 25 1188 25 2 52 171 93 34 35 26 36 158 72 3 14 140 15 107 19 62 98 221 26 113 2 58 97 99 55 248 42 211 39 164 85 226 34 194 4 172 88 97 32 149 40 114 16 137 89 85 80 214
-2147483613 25 1359 23 13 31 60 28 68 64 206 27 12 67 161 71 129 55 10 29 144 73 42 97 11 76 90 50 228 91 95 26 175 24 119 75 136 72 6 82 88 85 19 40 128 72 25 3 65 14 78 84 216
-2147483612 25 1381 48 199 91 58 16 102 15 14 79 99 76 5 87 125 57 146 53 94 93 92 45 82 88 42 43 224 43 141 21 64 43 169 5 83 91 50 74 13 26 131 45 1 54 78 51 26 89 6 48 205
-2147483611 25 1171 39 231 15 65 9 142 16 128 13 89 77 138 3 204 89 234 2 155 99 67 14 106 28 170 74 193 78 156 80 63 45 44 18 146 44 66 15 146 78 69 94 134 83 242 35 178 90 91 33 220
-2147483610 25 1284 63 117 31 225 15 9 67 230 66 116 18 25 64 87 69 18 61 208 66 95 11 148 92 234 56 66 65 113 63 242 33 64 44 159 16 144 67 206 50 82 29 167 43 230 2 27 99 155 94 161
-2147483609 25 1249 100 12 24 228 98 197 18 155 24 199 59 142 5 5 20 51 60 217 3 22 20 77 75 154 23 191 72 54 38 165 86 94 71 21 29 170 87 114 30 26 25 221 67 75 91 217 50 124 74 131
-2147483608 25 1141 58 231 83 83 54 14 9 64 27 117 92 30 84 154 21 31 30 18 58 148 18 206 48 211 12 94 71 154 87 111 14 112 37 242 78 225 2 217 16 71 34 17 41 43 69 151 30 244 68 217
-2147483607 25 1336 57 213 69 9 70 201 41 101 42 69 85 139 73 51 52 125 11 134 37 65 82 174 33 55 87 2 83 39 98 125 2 136 35 177 58 9 51 247 44 232 27 70 48 246 49 250 48 146 54 211
-2147483606 25 1191 84 88 54 41 57 100 17 98 56 38 89 144 70 58 28 67 27 197 26 176 71 129 99 47 50 116 19 244 5 179 82 221 7 88 5 159 75 54 3 76 37 228 88 14 15 39 33 103 94 144
-2147483605 25 1283 12 162 9 24 84 146 56 5 56 150 74 94 49 200 73 132 44 119 75 115 78 26 37 164 16 129 81 120 93 187 6 10 40 35 14 57 73 172 25 70 29 245 66 193 78 94 30 53 85 10
-2147483604 25 1465 67 156 14 10 28 74 56 21 78 119 83 206 52 55 96 162 45 171 34 173 96 155 67 153 39 111 99 171 66 208 72 81 46 215 36 182 16 228 81 232 39 159 75 225 86 177 55 75 39 219
-2147483603 25 1091 99 87 50 163 96 220 10 235 56 187 78 70 7 57 14 106 96 73 34 191 22 180 40 241 62 62 67 39 55 15 3 133 41 130 18 90 40 68 30 239 2 18 24 21 30 92 51 62 66 209
-2147483602 25 1172 1 218 56 101 84 42 65 126 32 48 56 86 72 241 86 225 33 64 17 156 21 47 70 110 27 247 81 193 24 116 61 60 34 40 64 42 33 72 68 160 48 58 99 50 20 211 10 129 10 67
-2147483601 25 1056 14 76 46 208 75 180 82 138 49 12 2 23 29 87 25 232 52 142 22 47 21 173 42 47 89 153 3 246 13 32 25 66 43 174 10 43 42 227 72 225 96 183 99 61 8 58 17 149 80 95
-2147483600 25 1155 78 1 7 49 20 238 81 55 94 233 35 45 20 193 88 71 95 71 19 165 18 36 39 42 39 117 40 138 7 49 93 210 20 249 4 97 95 210 61 219 77 238 6 240 73 231 25 166 21 108
