2147483647 25 551 67 107 92 159 4 193 80 70 64 129 69 9 36 27 1 219 3 32 8 90 47 169 73 203 68 59 80 65 73 150 86 98 3 191 3 16 54 204 34 43 33 7 21 171 14 52 56 41 34 158
-2147483648 25 543 52 200 31 60 61 244 48 101 23 49 1 21 59 8 85 151 10 95 42 108 55 188 46 187 44 149 96 247 76 72 62 69 9 231 52 173 90 248 10 31 19 24 21 192 13 13 38 55 43 198
-2147483647 25 648 65 244 54 27 73 243 71 169 96 114 97 144 73 12 50 61 74 97 24 208 52 104 93 179 19 13 77 139 27 48 35 229 17 221 3 222 86 181 56 202 18 131 38 228 57 218 16 76 26 96
-2147483646 25 573 14 193 80 14 49 246 11 62 54 93 44 220 29 151 77 77 49 153 3 12 42 52 57 200 12 34 67 67 44 232 65 142 70 113 62 45 43 181 43 241 10 216 84 95 47 150 69 238 22 178
-2147483645 25 651 100 158 92 141 43 8 70 24 30 33 3 237 70 179 40 79 90 206 4 80 79 34 18 157 51 161 23 48 60 110 90 148 7 204 16 124 85 213 59 36 99 153 9 170 33 122 100 55 31 9
-2147483644 25 586 54 24 17 179 73 169 36 237 87 238 39 192 55 113 58 174 95 107 55 134 57 132 15 165 21 119 15 51 70 113 24 58 55 101 95 67 8 76 22 236 26 149 71 199 5 71 49 248 71 9
-2147483643 25 581 53 69 57 169 94 192 15 19 97 210 53 50 7 17 61 4 34 169 32 136 62 143 14 80 37 46 61 213 18 79 89 175 59 111 37 131 21 129 60 44 36 30 38 105 19 244 44 130 65 187
-2147483642 25 480 6 67 32 49 59 170 38 48 53 137 51 103 25 23 86 153 61 16 13 52 24 120 33 153 90 127 59 83 3 59 8 21 50 98 28 22 7 162 28 150 20 194 1 109 87 215 5 119 93 43
-2147483641 25 612 68 40 65 1 77 137 51 89 88 133 59 239 62 22 35 222 18 104 54 112 1 182 22 5 17 21 88 53 56 200 38 59 96 8 24 182 58 186 8 113 28 167 41 222 76 187 78 232 16 78
-2147483640 25 719 38 43 4 148 19 50 68 16 41 57 86 197 47 204 82 174 54 98 44 154 84 178 29 60 60 9 99 93 97 37 68 83 32 179 93 125 92 149 56 80 83 104 11 71 23 230 98 192 31 104
-2147483639 25 621 39 37 13 166 39 180 70 94 9 165 52 191 100 208 48 229 33 97 51 222 71 83 31 203 62 133 74 148 30 10 1 170 19 32 35 143 85 11 95 232 70 116 69 173 29 41 61 155 56 28
-2147483638 25 628 51 64 45 201 7 14 34 200 65 158 84 162 31 6 78 163 60 154 70 134 55 98 100 58 9 72 40 172 91 236 80 101 20 60 21 67 30 135 7 235 17 225 59 119 92 89 13 128 97 205
-2147483637 25 535 5 128 21 10 74 73 33 33 98 57 8 194 63 69 2 209 54 78 38 151 25 135 50 208 2 104 19 36 93 39 96 243 67 43 1 101 46 83 54 109 56 152 22 47 88 57 2 105 54 98
-2147483636 25 615 2 196 94 130 62 237 94 200 9 215 96 12 83 155 22 209 2 169 17 138 11 181 16 81 91 9 55 232 46 21 32 119 87 62 100 120 20 232 28 70 79 58 33 154 85 136 45 217 22 154
-2147483635 25 661 42 82 34 144 65 62 61 49 18 16 28 122 54 35 74 133 62 232 46 224 21 61 13 134 86 243 8 76 84 73 92 64 62 64 83 66 50 109 46 168 50 184 16 9 88 223 57 123 82 5
-2147483634 25 699 39 5 26 126 56 29 48 157 42 77 92 83 56 134 59 97 80 21 82 65 76 79 99 227 35 216 80 228 35 152 93 183 63 47 24 45 30 176 81 179 2 182 5 143 27 158 96 15 72 194
-2147483633 25 490 32 116 9 76 37 109 17 41 35 129 77 68 25 99 46 118 58 189 18 96 47 47 11 129 76 92 15 178 43 214 49 186 32 143 5 171 1 53 85 87 73 153 62 241 1 19 44 146 83 153
-2147483632 25 737 97 75 80 17 82 138 44 239 26 215 81 186 60 31 32 162 81 79 86 163 67 144 26 70 54 67 36 243 85 46 58 202 48 93 88 73 93 77 25 46 17 13 93 192 18 59 42 245 55 66
-2147483631 25 644 63 53 84 222 50 94 16 211 35 250 3 231 81 126 30 170 80 54 99 9 40 39 9 80 93 64 56 83 24 26 60 216 32 108 75 202 81 225 65 38 90 169 7 176 18 91 39 242 58 93
-2147483630 25 656 100 244 53 21 30 111 34 212 78 143 95 93 44 66 80 45 7 152 8 180 76 244 39 206 68 141 19 15 53 191 43 132 74 238 61 7 40 236 88 42 52 205 54 237 9 84 13 38 95 51
-2147483629 25 659 87 174 18 64 52 213 82 176 91 87 47 84 88 50 29 120 23 170 43 24 85 234 92 96 89 249 72 1 15 165 21 3 36 96 27 217 24 22 57 36 44 9 48 77 24 191 79 114 45 52
-2147483628 25 632 55 73 15 115 67 6 46 97 3 149 5 59 61 99 62 218 27 212 96 208 100 97 87 118 69 24 24 119 55 169 69 25 97 206 56 159 85 2 2 219 61 16 11 51 46 180 8 180 57 7
-2147483627 25 676 56 140 41 104 3 25 52 65 58 16 94 64 16 225 8 179 54 231 72 138 80 80 62 225 53 18 62 149 79 47 63 85 75 8 76 193 13 67 3 176 33 242 96 121 87 8 20 99 96 229
-2147483626 25 664 95 187 24 140 65 189 63 66 36 104 45 243 76 49 1 128 97 33 78 249 84 26 96 197 59 205 82 196 22 193 70 40 52 232 72 40 69 85 43 9 76 219 1 128 7 2 2 7 14 200
-2147483625 25 548 2 243 90 245 76 122 80 144 27 3 35 240 17 215 89 220 2 142 22 110 61 243 32 151 48 95 61 125 41 187 30 106 72 49 41 118 68 50 5 236 21 97 91 93 25 197 25 66 36 116
-2147483624 25 623 71 239 44 4 56 229 39 43 42 199 92 177 22 158 90 155 11 145 82 37 53 6 54 106 40 195 22 160 4 142 11 186 53 135 76 21 45 36 26 215 94 42 57 39 80 117 78 224 5 147
-2147483623 25 561 4 142 61 144 99 1 36 50 64 98 77 186 13 72 28 221 37 182 3 156 59 242 79 39 12 145 62 223 48 166 48 129 23 23 9 55 9 110 42 182 83 46 48 239 47 188 84 210 48 217
-2147483622 25 709 46 16 83 61 22 238 83 210 85 75 50 80 82 183 41 225 95 125 34 91 23 40 55 174 12 3 45 238 85 230 82 77 99 162 56 50 60 94 4 109 68 134 76 121 27 42 38 53 67 178
-2147483621 25 643 58 222 87 29 59 246 13 6 94 244 95 188 29 232 40 208 13 249 21 41 43 219 70 47 36 241 35 184 18 3 45 186 90 78 86 119 30 245 50 56 96 111 98 58 37 93 7 124 37 67
-2147483620 25 569 66 199 15 88 98 125 32 82 24 121 34 169 23 58 99 20 71 70 6 52 51 2 65 119 24 5 85 75 52 53 57 42 1 177 52 246 21 208 31 110 32 161 12 135 88 25 62 146 38 168
-2147483619 25 508 79 219 68 110 35 229 46 49 22 243 41 195 14 102 49 164 39 173 49 174 13 200 34 60 34 53 34 238 79 178 63 145 59 75 2 233 22 118 13 106 45 133 20 145 94 172 24 82 38 180
-2147483618 25 674 2 125 52 89 74 214 57 19 81 89 79 107 94 92 73 237 30 234 42 106 36 215 96 139 44 223 24 168 22 154 39 59 12 226 60 213 76 39 93 141 51 177 99 110 8 177 39 92 65 202
-2147483617 25 712 79 250 67 186 56 26 64 199 78 213 41 40 9 130 7 170 37 205 84 73 38 85 100 92 78 17 8 42 44 179 98 56 72 159 97 66 74 151 6 128 46 116 67 136 98 183 22 87 55 12
-2147483616 25 628 64 233 39 160 30 41 71 93 33 35 9 75 37 199 94 83 6 169 94 29 19 97 58 213 93 139 59 36 91 33 19 135 7 144 18 90 74 221 73 17 2 202 37 95 61 75 71 165 97 160
-2147483615 25 584 77 38 3 86 1 238 90 147 10 200 72 70 34 195 86 129 14 149 40 215 66 103 67 6 80 67 32 125 93 72 14 174 44 41 4 111 12 233 3 51 73 187 49 17 53 85 58 165 93 243
-2147483614 25 566 52 147 39 46 61 43 45 232 68 94 22 203 7 164 98 26 10 22 4 32 29 190 88 193 83 99 11 101 6 10 37 144 63 188 76 59 93 52 17 148 58 95 41 161 4 94 75 33 46 194
-2147483613 25 611 26 187 54 33 52 90 53 157 76 145 67 32 16 73 88 228 53 200 12 172 39 174 7 198 34 25 17 20 23 156 86 122 37 97 62 223 75 36 52 126 73 46 63 219 48 127 79 250 31 225
-2147483612 25 622 69 174 59 188 49 232 85 162 1 20 27 214 57 159 24 46 53 246 33 10 49 11 23 29 92 174 63 175 70 232 60 95 62 46 14 26 11 246 75 28 6 3 97 157 65 51 81 42 19 33
-2147483611 25 646 21 168 18 107 79 23 12 101 79 203 33 96 19 237 57 81 5 169 31 198 79 91 80 187 99 111 95 199 61 34 93 203 81 25 24 147 19 89 99 244 17 79 36 89 27 231 68 77 60 244
-2147483610 25 603 10 95 34 224 13 81 34 19 12 237 21 11 76 3 15 248 60 82 35 147 31 128 91 165 87 41 58 135 47 44 52 141 56 213 46 169 18 199 75 73 74 239 34 124 97 119 49 140 81 209
-2147483609 25 578 15 27 35 12 77 53 21 86 75 169 52 66 24 17 12 174 74 73 49 122 58 57 44 229 73 101 39 53 97 48 5 27 30 97 16 14 60 89 40 87 3 228 61 66 98 181 96 179 2 112
-2147483608 25 582 20 149 68 160 51 99 4 224 61 1 9 163 11 94 4 65 44 159 62 207 99 161 74 148 91 179 32 216 43 82 31 157 92 246 27 107 38 77 32 246 31 101 64 104 78 168 68 52 31 72
-2147483607 25 672 4 72 94 194 88 210 49 48 70 230 52 2 55 109 99 203 86 91 12 45 35 106 58 245 84 89 65 128 56 239 80 149 25 182 37 30 57 214 31 66 78 206 28 79 26 65 13 29 63 60
-2147483606 25 552 30 242 66 218 95 124 23 149 1 195 55 201 38 198 53 185 91 23 60 54 36 92 4 157 69 73 89 202 41 126 5 175 47 177 57 104 20 197 1 51 57 139 1 235 35 133 68 63 63 69
-2147483605 25 810 47 245 64 125 61 80 79 121 13 49 99 42 90 114 88 116 87 18 25 218 28 205 43 70 76 192 82 109 2 109 71 119 42 87 98 4 67 191 50 197 96 121 96 213 94 207 32 201 90 141
-2147483604 25 597 68 43 38 25 45 35 87 66 58 220 70 71 36 27 63 83 12 73 9 154 8 12 10 8 90 9 86 54 84 188 78 129 92 39 62 93 30 120 63 217 36 81 15 179 43 193 5 136 7 33
-2147483603 25 563 16 35 18 64 17 20 29 5 29 31 77 17 64 173 22 63 6 128 73 172 38 21 1 131 80 109 30 210 98 89 97 34 50 37 39 165 23 169 68 128 80 112 58 109 14 199 69 49 31 102
-2147483602 25 609 88 171 50 222 21 72 33 124 13 76 85 23 44 85 24 207 100 114 50 169 97 75 13 135 74 64 34 104 45 160 83 82 32 79 22 130 60 135 2 181 84 215 82 70 20 12 11 49 51 151
-2147483601 25 649 87 117 90 247 1 158 25 86 5 173 99 217 2 75 18 58 82 195 77 208 50 152 69 78 89 222 36 246 8 215 59 236 33 121 93 84 12 43 68 40 86 164 3 219 96 51 11 194 99 218
-2147483600 25 541 61 120 48 74 80 90 18 37 35 65 1 232 21 84 41 33 67 131 31 86 69 41 100 177 4 238 91 36 73 222 2 82 37 122 63 40 85 200 31 47 6 78 11 64 65 130 39 78 4 172
