2147483647 25 1193 104 10 142 155 6 180 11 145 148 144 113 196 23 206 23 120 163 224 93 87 18 236 47 124 21 175 194 207 63 150 54 208 128 244 90 167 139 125 49 107 15 202 42 47 126 81 133 111 44 31
-2147483648 25 1682 158 78 14 5 161 43 144 193 199 7 74 66 172 1 47 77 133 231 161 227 70 220 142 140 13 85 177 182 156 26 170 141 83 229 117 53 17 75 197 20 65 87 68 45 70 143 97 3 99 72
-2147483647 25 1537 184 212 34 157 81 58 193 72 191 186 78 201 61 200 144 222 3 201 38 248 177 128 68 56 138 172 159 44 140 72 93 154 27 157 49 134 171 51 165 202 189 53 123 63 2 82 28 5 26 81
-2147483646 25 1357 3 3 167 88 47 131 7 6 140 183 62 39 69 110 157 147 195 160 158 199 89 184 2 14 197 4 77 30 7 128 89 12 105 69 79 188 159 107 155 123 32 21 130 126 105 108 18 124 13 219
-2147483645 25 1562 58 128 122 74 113 147 62 237 142 86 92 37 78 245 84 196 146 54 42 126 141 92 117 88 174 26 156 239 120 211 166 222 71 109 37 230 5 123 173 182 167 81 175 56 60 74 1 7 102 54
-2147483644 25 1541 106 54 116 28 113 112 43 86 81 203 38 58 140 136 133 220 92 171 74 81 82 51 129 71 86 236 116 108 194 22 129 124 60 55 121 216 134 204 41 17 125 98 60 80 187 240 40 98 129 142
-2147483643 25 1520 143 13 155 89 67 49 59 228 125 65 200 67 151 74 97 89 31 38 34 90 44 198 150 130 23 171 95 77 14 29 175 196 34 162 27 126 169 107 83 117 138 102 147 110 140 54 159 214 74 241
-2147483642 25 1629 43 147 151 240 21 216 129 145 35 178 139 12 98 215 139 156 73 133 11 193 200 185 36 182 36 220 189 243 146 78 186 236 180 171 180 250 109 135 116 179 50 68 152 185 26 113 73 123 197 104
-2147483641 25 1374 53 245 30 110 141 81 64 162 59 12 191 56 197 212 181 222 170 112 85 106 33 169 138 230 83 205 74 194 62 88 38 142 66 85 1 7 133 81 135 239 74 157 35 88 95 19 48 80 105 165
-2147483640 25 1474 148 171 67 107 121 187 49 243 105 138 65 178 24 162 10 31 135 177 89 87 132 202 194 209 32 111 182 99 152 108 11 125 23 97 186 179 27 43 138 165 145 2 74 210 131 104 192 82 25 101
-2147483639 25 1741 134 196 42 160 123 92 16 131 152 210 191 203 68 16 40 66 156 83 87 117 198 39 95 89 198 31 154 238 90 223 70 29 135 140 151 71 185 209 161 171 135 189 99 3 164 173 55 150 4 176
-2147483638 25 1441 13 2 172 134 73 212 132 33 159 26 4 37 44 173 141 244 195 157 162 195 62 120 107 200 98 89 98 190 191 127 93 4 103 80 110 218 33 51 1 240 62 5 21 131 142 202 100 171 87 76
-2147483637 25 1667 92 185 157 249 108 67 70 7 5 75 107 122 62 11 161 215 184 242 12 229 185 92 187 6 178 161 166 97 66 66 138 197 200 118 156 135 148 31 113 191 84 25 50 183 29 13 118 15 3 162
-2147483636 25 1603 195 234 3 227 192 225 111 197 57 219 10 244 133 12 89 110 118 45 112 38 188 245 50 46 142 98 47 73 90 62 188 105 36 237 65 35 170 219 186 33 151 244 21 103 5 136 170 152 144 103
-2147483635 25 1481 152 165 78 1 168 24 79 18 77 210 63 81 51 124 54 145 127 29 91 140 49 51 107 87 123 138 178 116 32 153 174 229 53 65 184 26 70 78 35 184 30 122 12 101 197 81 197 154 88 109
-2147483634 25 1408 35 170 128 176 5 63 51 229 143 104 105 146 66 197 168 62 179 47 111 17 185 176 111 244 21 134 60 22 30 184 104 80 83 39 4 110 81 69 71 29 138 219 139 4 133 133 52 139 144 204
-2147483633 25 1478 124 160 103 42 124 155 141 229 141 212 130 56 33 15 76 47 100 196 92 213 179 37 145 148 32 97 25 104 188 211 46 139 96 186 145 24 73 106 2 17 54 164 58 109 143 167 124 54 90 19
-2147483632 25 1464 13 86 44 197 187 95 34 14 159 27 179 5 132 94 152 95 94 30 161 119 37 18 27 118 101 212 28 31 12 146 40 30 186 105 181 215 159 19 183 146 36 201 120 210 36 89 44 162 95 6
-2147483631 25 1291 25 164 19 63 26 149 20 66 143 39 169 228 55 193 66 45 126 30 51 135 141 109 69 76 55 130 132 123 33 33 103 71 157 151 107 228 39 158 35 228 158 4 164 16 158 37 48 103 54 123
-2147483630 25 1590 190 243 185 73 55 50 162 232 138 243 12 50 51 211 160 197 151 248 84 231 180 51 188 180 53 181 173 126 27 33 199 21 20 230 75 93 23 45 60 201 30 89 200 100 39 199 37 237 158 150
-2147483629 25 1600 174 172 161 201 81 16 105 68 113 165 80 140 149 125 95 29 174 148 59 41 78 110 104 97 168 178 37 5 132 242 124 131 131 106 65 14 97 213 65 12 102 181 122 63 44 21 73 22 134 164
-2147483628 25 1719 50 15 19 191 89 232 95 156 190 32 118 142 130 61 198 244 60 118 165 156 104 83 69 31 116 141 41 236 130 218 119 224 186 172 131 93 123 32 199 140 51 147 25 226 166 28 175 31 116 174
-2147483627 25 1467 149 24 6 22 43 152 130 105 110 74 58 35 38 54 165 211 118 110 194 145 200 56 33 30 25 248 46 250 23 201 139 215 180 180 190 28 65 149 106 218 179 204 2 20 6 209 185 154 55 223
-2147483626 25 1617 39 67 23 90 77 59 70 153 47 116 84 232 64 79 130 67 85 243 173 238 168 188 154 212 166 199 137 188 82 238 128 150 44 188 192 151 197 76 43 54 153 158 29 21 189 197 70 92 151 53
-2147483625 25 1536 64 149 192 22 88 197 176 30 108 72 15 44 177 73 185 211 179 227 29 27 25 227 148 66 199 170 10 85 10 202 110 92 80 127 90 210 59 82 192 208 123 8 2 125 64 233 68 53 168 121
-2147483624 25 1535 63 240 79 13 45 96 146 69 145 194 16 67 28 119 155 148 63 17 184 68 180 133 60 226 6 154 167 92 165 168 171 34 126 61 37 213 126 229 25 87 138 51 123 207 136 98 83 248 92 83
-2147483623 25 1203 52 89 173 139 51 223 34 22 52 248 151 28 26 96 71 78 47 245 45 89 65 228 112 235 148 59 66 38 45 196 97 120 28 86 7 98 47 50 96 123 38 58 120 79 123 238 126 211 186 213
-2147483622 25 1764 40 64 152 190 39 124 199 131 130 54 61 33 139 111 95 181 167 177 185 77 40 29 108 200 86 37 150 14 199 170 181 48 186 165 190 31 32 235 129 201 31 238 187 211 78 102 113 55 23 122
-2147483621 25 1323 105 77 121 15 21 8 42 213 17 50 106 246 78 115 129 85 116 200 55 56 120 107 35 133 54 140 187 208 156 12 64 76 71 231 73 114 190 143 62 8 154 209 3 39 58 164 99 217 90 192
-2147483620 25 1465 19 12 39 66 116 115 165 128 58 150 111 153 180 227 106 66 73 120 166 167 102 149 100 130 151 197 34 61 131 155 2 187 134 51 2 61 132 207 151 237 85 77 112 81 43 22 117 144 113 103
-2147483619 25 1254 48 18 2 185 117 190 105 189 1 45 75 3 185 10 42 233 56 218 151 8 164 45 68 94 100 138 92 21 25 5 99 91 18 126 21 168 52 157 86 65 161 200 54 182 167 120 131 29 70 103
-2147483618 25 1669 30 41 118 121 108 22 7 249 34 40 3 166 105 25 33 156 155 105 50 50 136 13 199 238 156 208 86 108 189 194 169 23 188 107 115 119 103 152 94 171 153 120 69 72 116 126 182 87 185 39
-2147483617 25 1437 109 151 42 135 111 246 74 245 84 78 151 65 80 174 137 243 34 50 116 159 176 86 23 55 126 173 144 134 8 161 139 146 49 225 24 199 177 122 155 75 160 132 111 49 44 60 33 97 88 186
-2147483616 25 1613 5 78 17 34 106 178 165 63 50 215 179 235 88 34 168 140 186 180 9 175 4 211 46 143 8 112 162 51 167 61 189 214 112 7 198 22 147 202 67 245 133 57 184 26 72 188 133 72 94 177
-2147483615 25 1421 197 122 110 52 12 147 131 217 158 122 22 183 68 166 151 81 150 122 26 21 94 199 62 96 180 167 27 140 190 151 53 233 18 203 28 36 79 198 2 46 56 29 182 154 156 166 187 132 30 16
-2147483614 25 1691 123 154 171 230 199 188 117 32 62 133 146 143 93 205 77 151 192 194 79 242 192 168 17 217 57 215 105 55 78 169 56 250 57 34 184 70 177 125 82 48 7 34 153 124 191 36 20 228 184 123
-2147483613 25 1686 176 219 32 239 148 111 164 66 132 51 187 235 41 55 15 30 100 239 124 226 30 162 8 227 29 248 10 60 180 242 146 194 168 222 147 144 66 137 168 247 150 193 186 238 198 250 14 122 191 171
-2147483612 25 1327 78 26 67 107 2 118 84 14 142 79 5 109 19 215 64 206 87 162 74 67 128 29 8 141 14 6 112 34 102 129 164 225 123 37 65 156 124 185 136 82 11 175 152 36 112 20 193 247 146 83
-2147483611 25 1623 51 91 90 73 185 128 63 121 129 206 199 115 144 152 122 11 46 56 156 227 110 209 121 77 196 40 77 236 29 28 55 100 94 180 138 98 47 1 175 219 166 217 67 137 95 235 117 176 33 92
-2147483610 25 1326 122 178 40 52 4 44 73 100 24 128 102 98 182 244 22 150 74 85 120 60 43 107 21 138 194 145 98 139 56 163 184 222 73 29 19 94 58 115 155 102 193 71 159 218 52 226 94 156 48 17
-2147483609 25 1534 172 114 99 241 1 116 108 123 4 205 29 234 141 126 11 199 176 86 51 163 150 54 187 135 18 48 89 139 162 171 125 168 27 29 127 34 115 43 126 148 198 192 106 173 54 145 98 36 184 185
-2147483608 25 1595 159 166 191 182 41 10 183 162 119 181 65 54 79 115 66 6 119 225 39 56 98 46 198 4 175 63 119 90 79 128 20 47 35 13 183 94 18 207 4 171 110 86 180 236 161 56 193 100 25 40
-2147483607 25 1550 124 153 69 151 126 54 171 55 115 62 145 168 88 225 145 87 55 203 35 73 99 181 127 97 133 109 122 157 167 182 158 113 68 32 11 241 69 227 36 230 31 226 118 148 160 78 188 18 24 28
-2147483606 25 1597 73 153 167 249 200 124 86 152 25 66 67 227 143 168 7 191 127 94 134 204 59 206 144 221 83 130 38 88 118 78 92 237 185 73 189 230 157 93 106 227 127 215 163 86 107 212 21 42 45 194
-2147483605 25 1587 196 129 120 174 79 2 43 147 72 200 179 204 150 204 21 173 147 222 12 65 158 173 24 151 7 162 90 34 163 168 182 198 37 126 98 145 103 175 33 217 100 14 136 62 174 196 188 151 134 249
-2147483604 25 1228 172 114 137 244 12 179 125 126 170 109 35 190 46 89 53 179 186 193 83 23 128 228 29 80 32 3 20 24 123 192 18 118 44 193 89 70 97 17 156 83 101 238 18 183 61 87 89 59 24 214
-2147483603 25 1356 65 190 154 117 15 232 96 44 4 23 188 27 112 40 176 1 87 90 15 54 138 144 33 195 61 118 25 187 141 61 121 7 200 93 99 19 60 243 50 79 12 46 85 155 68 75 124 193 132 173
-2147483602 25 1696 197 87 53 37 25 142 123 62 63 80 98 229 69 123 57 209 113 145 161 202 179 216 198 79 96 82 123 25 20 68 158 20 123 13 46 185 124 211 197 233 32 118 170 125 192 33 67 131 143 35
-2147483601 25 1722 66 152 1 80 184 121 129 134 117 185 161 93 164 105 85 12 31 10 178 34 195 11 122 205 109 142 190 219 18 165 3 104 53 4 147 46 99 94 143 19 23 129 89 234 187 217 196 22 181 216
-2147483600 25 1537 44 219 181 207 139 111 78 160 64 119 59 83 178 140 69 155 148 210 199 113 183 27 194 90 8 225 45 4 197 32 176 51 1 196 6 173 45 105 66 136 179 157 175 196 37 54 81 230 11 99
