2147483647 25 209 19 141 11 229 9 165 11 66 15 3 20 151 9 3 13 6 19 193 25 108 4 152 23 34 23 41 24 155 1 214 16 188 11 6 17 189 17 21 1 62 3 203 22 108 21 86 12 141 3 110
-2147483648 25 183 25 68 2 224 11 232 2 81 14 22 5 37 21 148 5 126 9 211 15 91 3 168 5 235 3 249 7 138 14 99 25 137 17 8 12 17 24 125 10 125 15 142 17 105 4 202 23 127 17 126
-2147483647 25 168 22 185 5 11 17 68 1 239 21 148 9 202 4 2 21 144 2 198 2 115 8 164 1 233 2 45 19 249 18 96 13 138 4 167 15 199 24 157 19 189 6 24 15 88 3 99 24 43 5 250
-2147483646 25 215 16 119 17 164 11 183 21 35 19 130 14 56 2 161 23 166 11 206 8 47 15 126 8 35 22 96 14 195 14 181 20 46 5 108 21 150 4 168 19 221 5 65 3 64 23 248 23 85 21 51
-2147483645 25 223 14 98 18 202 14 140 5 17 9 186 20 28 24 246 14 191 15 175 11 80 15 154 15 170 22 120 17 196 21 120 25 85 22 173 4 100 7 83 12 146 2 63 18 249 6 59 19 203 24 47
-2147483644 25 180 4 127 21 177 5 168 5 213 12 250 9 110 9 50 4 120 15 94 21 16 24 220 8 163 22 136 23 156 9 204 21 122 8 152 5 126 7 94 9 183 10 171 5 177 22 74 5 119 17 248
-2147483643 25 204 14 156 22 213 7 184 10 40 9 187 25 42 6 73 20 106 20 13 20 37 20 42 21 238 22 177 7 14 5 228 2 180 14 228 15 201 17 240 25 2 18 233 5 235 6 238 10 3 1 39
-2147483642 25 189 4 196 9 246 19 49 18 243 7 217 22 73 15 103 6 37 6 213 3 44 22 204 3 8 19 81 25 28 9 246 7 122 20 147 12 123 20 38 12 7 1 86 8 150 19 131 19 242 10 213
-2147483641 25 147 4 58 17 61 7 103 15 61 14 225 6 198 10 247 10 213 12 40 1 235 5 5 7 126 16 8 1 90 25 100 6 35 16 218 10 223 8 237 4 201 22 90 15 58 9 243 2 205 4 21
-2147483640 25 179 19 78 3 9 21 179 2 210 2 17 6 71 6 216 4 146 19 108 14 223 6 94 7 207 16 147 20 171 11 232 20 41 6 217 5 13 15 66 23 164 9 31 24 133 25 22 3 185 13 161
-2147483639 25 153 16 188 1 219 15 154 12 94 8 218 8 15 1 134 24 57 15 126 13 118 4 204 15 23 9 145 5 114 8 174 3 237 12 28 21 6 19 72 10 5 4 174 2 46 6 250 11 204 13 224
-2147483638 25 180 8 165 18 219 19 13 12 232 13 193 16 150 18 17 18 135 3 107 21 121 12 245 5 131 4 101 14 142 6 6 12 125 17 41 10 108 6 207 9 179 15 245 8 79 2 5 22 32 12 170
-2147483637 25 186 16 223 17 196 11 204 5 234 10 101 24 210 23 159 1 69 2 54 3 105 24 175 10 60 1 109 7 217 15 175 14 43 15 49 24 1 1 35 24 97 14 223 6 110 14 56 18 146 11 203
-2147483636 25 199 1 91 13 99 16 130 21 215 10 98 14 231 14 37 3 129 4 32 17 21 13 49 25 185 16 124 25 86 2 101 4 20 20 165 12 92 5 75 6 140 18 196 12 62 24 150 19 20 19 103
-2147483635 25 186 5 61 16 34 25 59 16 237 15 176 9 183 20 28 10 63 12 142 14 175 4 59 13 151 13 104 6 61 13 232 17 164 5 65 20 38 13 105 3 18 3 110 21 225 14 48 4 6 19 174
-2147483634 25 225 19 220 24 52 13 103 16 171 17 28 16 76 20 195 14 139 24 13 25 6 4 23 12 231 25 3 3 35 1 218 21 189 19 190 24 58 5 145 23 205 18 131 4 114 8 170 1 58 19 245
-2147483633 25 163 7 213 2 179 20 14 19 222 5 188 19 6 13 126 20 116 19 238 2 162 20 182 5 223 5 119 15 47 18 76 5 239 4 57 17 232 8 97 21 118 4 141 13 161 2 69 3 200 6 37
-2147483632 25 193 12 249 22 155 23 14 3 115 6 198 19 101 19 228 16 103 21 228 20 162 10 234 6 220 15 69 4 172 2 95 21 130 10 178 4 65 20 56 18 1 1 119 11 190 10 9 5 55 24 242
-2147483631 25 208 22 82 23 18 6 121 9 89 5 104 19 250 24 26 18 17 10 118 8 20 12 76 14 219 2 234 23 58 4 214 5 4 5 25 3 96 15 108 19 187 22 118 19 195 15 113 22 234 24 34
-2147483630 25 173 1 99 11 141 7 126 13 45 19 162 1 233 17 53 1 187 15 152 5 83 9 5 20 24 20 94 14 161 8 117 20 80 22 54 23 32 18 94 8 112 1 84 10 172 14 101 11 35 1 152
-2147483629 25 144 12 90 16 67 12 107 17 249 2 237 12 212 7 80 2 37 12 195 14 188 6 137 3 151 6 158 1 166 20 3 7 59 10 224 13 205 9 36 21 97 3 68 6 89 15 74 13 10 2 6
-2147483628 25 181 20 74 15 219 23 200 13 225 12 68 23 183 13 69 16 1 3 237 4 226 9 59 5 142 15 191 22 22 21 232 3 148 6 171 12 29 13 243 1 236 6 231 17 185 5 75 19 71 7 222
-2147483627 25 189 5 145 3 90 4 177 4 1 20 231 24 227 13 38 15 246 7 17 24 70 1 47 5 171 24 99 25 168 17 57 14 216 21 169 6 237 10 85 24 44 7 219 3 195 1 167 19 72 19 178
-2147483626 25 187 15 187 23 192 11 206 4 102 13 209 16 12 18 109 19 229 10 26 7 82 7 130 5 90 8 56 1 14 13 191 20 19 13 165 21 234 13 249 9 243 21 243 1 132 11 185 12 196 22 175
-2147483625 25 140 3 31 6 78 12 128 14 127 15 10 7 83 3 194 25 238 18 118 24 12 12 195 1 115 8 105 5 187 6 11 12 78 5 165 16 161 5 38 4 185 5 105 2 76 5 15 7 225 14 50
-2147483624 25 181 24 242 25 240 11 70 10 156 1 146 17 118 23 207 4 129 12 76 17 154 1 214 1 27 4 57 5 102 4 172 16 17 17 145 1 20 22 102 18 221 25 91 9 221 5 121 10 165 20 15
-2147483623 25 202 7 205 23 77 24 16 14 23 12 164 20 19 18 108 17 187 13 127 4 52 10 35 15 186 1 191 6 103 11 1 12 173 21 95 25 188 12 132 21 228 5 154 25 224 2 159 16 138 4 198
-2147483622 25 154 19 133 24 83 7 236 3 124 9 127 13 206 5 80 5 48 2 161 18 226 14 223 13 133 20 141 5 107 3 77 6 218 21 36 5 27 3 73 16 110 20 24 7 248 11 115 5 119 3 224
-2147483621 25 208 10 162 20 224 5 143 12 87 25 142 17 53 11 122 9 159 15 109 24 49 22 180 8 33 18 176 15 223 5 171 20 139 9 143 12 128 4 225 22 35 12 127 9 225 25 175 14 147 4 115
-2147483620 25 162 20 1 5 18 4 222 20 179 20 237 10 141 13 183 4 237 7 69 22 25 11 78 16 191 6 149 12 186 5 148 6 240 15 95 1 180 7 199 11 11 19 209 16 60 15 185 5 201 1 7
-2147483619 25 186 23 107 9 126 5 136 3 162 8 69 6 122 6 206 22 64 14 32 2 244 5 197 21 193 1 93 13 52 5 131 6 19 24 141 15 34 3 168 20 98 24 3 22 44 21 184 11 94 22 120
-2147483618 25 208 9 7 7 40 20 72 14 77 13 175 21 181 20 194 8 86 23 98 1 172 20 239 18 164 4 133 10 139 23 63 1 64 7 74 11 20 15 234 10 19 16 52 20 101 25 21 19 222 12 190
-2147483617 25 199 15 63 18 68 23 210 20 74 10 176 14 106 24 206 18 92 23 75 8 70 10 235 13 42 9 117 7 21 9 180 21 233 25 138 5 219 10 249 5 196 18 178 6 164 14 230 1 108 6 82
-2147483616 25 206 18 147 7 49 19 151 17 1 18 5 19 131 24 173 2 36 15 116 4 184 7 209 12 112 13 244 10 129 11 146 22 29 5 26 8 231 18 243 24 97 25 161 23 235 9 247 2 225 12 55
-2147483615 25 165 16 174 2 20 4 136 2 127 2 115 3 225 15 65 1 220 5 177 22 26 3 211 19 1 20 20 25 214 25 109 2 153 4 32 18 67 17 185 20 182 5 216 16 192 3 157 17 74 9 125
-2147483614 25 198 10 106 9 35 11 29 6 103 25 48 22 11 21 243 5 122 6 210 6 2 15 105 22 47 5 246 21 209 7 36 9 168 15 167 21 248 20 7 10 188 6 60 20 5 6 240 13 111 20 182
-2147483613 25 151 12 90 4 79 14 83 8 90 5 144 13 123 7 17 4 14 2 235 2 113 18 74 18 120 8 225 11 204 9 58 14 197 15 171 3 33 1 100 13 44 25 247 17 54 2 207 7 26 20 87
-2147483612 25 227 14 113 17 61 24 239 4 91 20 120 15 77 7 44 25 92 8 2 20 198 5 184 20 212 24 206 17 54 24 109 15 120 23 51 18 202 4 215 5 232 9 190 6 151 24 57 25 60 6 184
-2147483611 25 192 1 102 12 201 7 103 16 232 16 138 9 47 1 60 10 186 2 137 16 54 12 234 25 177 14 228 24 127 4 40 7 44 15 177 25 205 3 150 19 186 4 25 24 44 9 79 23 96 22 130
-2147483610 25 190 15 84 12 144 1 248 13 242 13 158 4 185 21 173 12 194 13 141 10 63 8 131 9 58 18 172 14 153 2 101 4 168 19 145 7 194 15 181 19 17 9 217 21 39 14 63 24 16 21 76
-2147483609 25 177 8 29 21 166 9 130 9 223 4 105 8 64 3 8 21 83 21 101 2 136 12 102 11 69 15 241 14 123 1 84 20 84 12 154 25 199 4 87 18 66 20 245 13 214 1 88 5 202 19 61
-2147483608 25 165 9 55 17 189 13 52 18 5 18 185 9 123 2 201 3 17 15 60 11 71 13 45 7 5 1 66 10 55 2 31 12 105 9 27 5 209 8 222 22 3 16 51 13 174 1 151 20 151 22 44
-2147483607 25 222 23 87 9 37 10 97 11 184 16 119 22 16 23 50 5 16 1 121 24 221 13 144 3 248 7 23 15 7 18 110 6 145 20 139 19 37 24 33 23 136 16 185 16 125 24 193 15 241 7 128
-2147483606 25 192 22 187 3 232 19 88 1 84 10 178 20 146 8 139 4 4 18 19 4 146 16 188 8 56 7 63 25 202 6 62 8 15 25 101 25 183 19 1 2 33 18 208 18 1 10 212 1 22 24 39
-2147483605 25 202 17 135 23 247 19 38 6 189 24 113 25 70 13 248 17 125 18 108 13 195 15 54 16 68 6 249 3 58 3 10 10 188 15 73 19 84 11 244 3 100 11 22 17 234 2 88 11 199 20 234
-2147483604 25 192 15 86 4 46 16 90 5 184 15 65 20 244 1 87 7 187 18 175 18 192 3 36 22 192 2 232 3 128 19 226 12 74 7 148 12 215 24 164 15 135 23 91 13 231 18 193 17 98 12 96
-2147483603 25 204 4 141 14 2 9 152 24 113 3 165 9 141 24 150 4 107 12 25 2 13 16 248 11 36 23 30 23 145 13 95 25 166 24 123 17 69 3 152 19 54 7 20 20 54 17 231 16 33 1 180
-2147483602 25 208 5 164 18 148 20 156 18 178 5 54 3 41 22 8 17 138 8 187 4 9 25 105 3 184 16 197 17 67 23 171 25 25 9 174 18 34 8 99 22 129 16 233 17 123 25 82 1 68 2 49
-2147483601 25 154 8 9 16 104 20 61 5 108 13 30 3 123 6 112 5 225 15 125 8 106 1 227 9 171 10 78 1 109 15 21 16 221 3 60 8 222 13 124 8 248 16 106 12 206 22 167 19 112 5 5
-2147483600 25 218 22 43 24 55 22 81 14 216 19 28 24 96 25 15 16 73 24 26 20 65 3 99 18 143 6 138 6 236 25 100 25 217 15 222 3 106 6 154 8 240 19 57 9 180 8 242 1 57 2 199
