2147483647 25 787 67 228 40 144 8 55 87 223 46 145 82 46 2 27 30 156 5 204 9 48 19 157 67 147 84 217 9 168 28 3 58 236 93 244 52 1 20 97 90 163 97 177 84 244 81 33 60 215 95 171
-2147483648 25 799 5 31 31 179 72 37 59 200 82 216 82 99 81 184 37 80 74 140 71 157 21 168 34 10 65 36 17 61 100 28 93 13 24 58 77 236 38 87 75 48 21 139 59 3 29 237 34 7 51 9
-2147483647 25 820 66 178 71 246 75 87 13 229 59 31 3 128 18 65 74 235 21 29 29 236 31 123 50 221 51 197 84 208 82 84 87 116 5 143 45 199 92 143 71 127 70 183 2 217 99 190 81 48 88 22
-2147483646 25 666 14 44 58 158 6 19 42 223 91 57 23 194 69 68 35 34 7 66 71 193 77 99 51 197 27 123 55 16 68 105 15 204 60 181 45 163 80 215 55 177 9 192 48 193 4 206 91 25 9 152
-2147483645 25 748 87 213 1 93 64 66 87 46 33 136 61 118 36 49 20 200 85 248 66 97 70 184 16 43 51 47 100 102 29 19 2 38 93 4 53 142 28 97 75 150 93 88 8 72 55 66 9 98 26 184
-2147483644 25 796 78 237 47 232 12 244 12 29 39 99 19 99 55 29 41 17 68 172 46 107 29 96 78 90 67 80 62 188 71 219 49 122 83 238 42 235 93 131 6 76 92 60 70 116 36 27 53 8 80 246
-2147483643 25 756 46 20 37 58 44 9 55 14 79 65 93 67 75 187 22 39 69 35 68 185 45 149 98 35 6 83 25 146 37 10 57 204 12 233 5 138 97 149 61 188 86 133 2 150 28 58 76 241 37 108
-2147483642 25 672 71 202 3 170 95 20 1 47 66 93 23 57 19 85 16 58 89 31 83 123 88 170 2 221 28 74 12 7 26 120 46 240 29 121 64 57 56 162 42 55 2 160 45 51 98 150 44 216 73 65
-2147483641 25 663 36 149 94 93 48 53 67 148 24 230 7 174 88 88 18 128 58 184 16 248 96 43 63 100 38 151 100 201 47 180 6 205 31 249 19 197 21 213 38 111 77 111 14 161 79 78 16 92 5 78
-2147483640 25 653 36 249 49 247 40 214 59 98 66 14 11 179 88 105 71 16 21 229 91 145 36 170 2 122 32 202 80 118 18 211 78 133 84 65 52 58 12 27 62 193 17 181 49 9 14 49 10 86 11 1
-2147483639 25 796 92 115 69 234 95 250 75 187 48 229 59 63 45 105 51 240 65 156 7 67 39 57 99 219 26 32 7 88 47 44 36 97 64 9 33 146 4 16 33 127 98 228 76 105 33 67 38 245 89 111
-2147483638 25 726 25 70 67 58 16 231 36 55 28 207 40 158 22 6 67 134 61 175 60 233 21 143 84 240 99 42 23 92 15 28 81 97 39 118 62 135 40 243 76 168 80 36 30 4 17 241 55 193 67 37
-2147483637 25 818 71 217 72 135 83 177 71 13 8 212 16 220 24 137 35 212 9 186 82 209 42 154 98 178 63 37 68 44 92 85 32 155 21 9 16 8 75 215 9 203 71 60 69 234 79 10 79 217 79 150
-2147483636 25 681 70 49 22 170 91 210 83 145 2 185 92 84 36 31 38 128 16 28 37 59 93 18 48 154 1 65 66 197 13 108 39 206 63 149 50 133 44 81 11 113 6 7 79 104 15 39 93 76 27 73
-2147483635 25 646 54 48 36 3 81 92 27 114 16 99 89 134 22 127 13 179 4 141 4 36 2 24 17 200 51 79 96 108 62 55 73 39 41 20 17 53 45 109 67 149 83 137 13 11 6 64 76 23 82 199
-2147483634 25 910 24 208 89 101 63 100 72 146 83 84 80 138 49 52 63 164 42 18 9 21 67 228 63 199 96 171 5 178 78 217 51 2 70 98 41 82 79 32 91 154 47 177 17 238 92 198 61 83 86 173
-2147483633 25 743 42 132 61 10 32 139 73 92 27 124 24 191 50 234 16 228 27 234 4 42 55 125 88 178 45 197 50 13 12 90 74 133 89 85 57 51 90 73 58 38 79 202 92 71 74 17 19 250 1 56
-2147483632 25 763 17 138 72 11 26 42 83 190 22 237 12 239 48 250 30 12 21 46 34 193 34 29 58 62 40 80 32 147 32 79 81 121 87 132 53 31 70 89 88 228 30 249 87 194 100 38 82 49 34 39
-2147483631 25 765 97 167 27 136 92 166 86 56 25 44 54 14 66 101 59 46 53 69 54 101 19 209 40 12 62 98 20 108 59 133 59 139 20 213 10 27 52 240 33 191 14 217 82 198 27 100 98 197 68 128
-2147483630 25 762 19 215 35 147 91 240 98 25 39 141 63 244 12 206 83 54 93 85 17 64 11 75 13 230 10 97 32 16 18 247 58 91 85 231 95 187 88 232 85 67 49 119 24 152 30 16 82 56 41 247
-2147483629 25 688 48 126 29 150 42 94 99 184 44 40 72 4 52 141 94 117 31 203 40 39 8 222 63 79 49 232 38 77 15 196 30 157 29 145 23 176 96 52 44 99 37 39 41 221 72 86 36 7 16 187
-2147483628 25 724 19 58 63 203 55 30 74 232 43 222 71 180 52 247 30 185 69 64 95 31 65 78 28 15 20 249 40 136 3 139 29 51 79 229 2 83 4 189 26 115 64 240 18 38 95 120 89 159 74 208
-2147483627 25 597 76 95 15 9 44 83 3 209 88 13 39 41 26 43 8 68 50 28 3 188 57 165 71 187 81 164 23 174 29 239 53 12 34 167 8 193 100 27 61 219 16 248 4 103 16 28 68 164 22 175
-2147483626 25 673 41 197 36 28 54 42 77 190 87 13 72 98 10 12 6 44 82 14 29 105 93 110 41 241 85 141 7 133 22 72 23 155 8 147 74 152 76 124 37 154 55 19 1 161 13 15 82 235 12 25
-2147483625 25 623 36 10 54 191 1 98 33 18 92 136 36 37 17 107 74 223 4 121 39 99 10 234 47 25 58 147 16 99 53 68 50 220 31 8 64 78 42 241 39 85 51 185 49 167 17 53 56 50 70 236
-2147483624 25 808 59 198 88 15 90 113 65 12 85 42 32 84 5 157 37 171 94 197 65 80 13 38 6 151 82 55 82 93 42 128 32 2 30 46 7 48 64 177 24 119 88 139 81 229 19 45 60 30 97 62
-2147483623 25 658 44 22 40 123 69 53 71 127 58 32 2 223 13 79 8 48 51 177 90 185 18 192 30 248 69 120 17 71 60 32 53 9 22 231 53 226 13 59 41 178 36 105 60 122 74 168 68 59 38 144
-2147483622 25 902 98 139 34 68 55 6 75 178 31 86 84 208 38 13 76 225 96 221 13 90 59 122 78 47 98 128 86 163 75 58 23 180 79 141 99 83 59 184 4 223 8 219 72 113 93 118 35 219 36 119
-2147483621 25 622 24 235 97 4 13 234 53 246 59 68 22 202 100 250 37 245 33 238 72 92 85 198 24 140 24 41 3 147 4 95 6 69 32 6 29 112 96 204 43 135 9 161 35 19 65 178 6 243 67 193
-2147483620 25 609 34 126 56 144 7 200 74 23 39 194 48 111 5 198 47 84 24 105 15 167 96 58 31 75 31 238 1 90 92 168 13 64 18 172 84 59 49 142 33 218 35 200 32 98 59 194 73 206 20 218
-2147483619 25 704 49 38 11 199 45 102 75 115 77 166 13 224 92 75 58 188 54 17 32 216 94 165 66 62 5 62 3 192 7 54 64 139 37 185 35 204 15 24 28 227 76 100 80 169 70 95 43 59 45 185
-2147483618 25 838 10 95 40 188 63 111 100 161 21 16 86 212 62 56 59 242 4 181 6 77 63 204 71 108 49 101 81 229 64 63 66 183 63 12 48 63 49 119 90 174 54 187 54 40 97 30 13 1 85 46
-2147483617 25 837 31 119 100 4 91 122 42 178 41 13 97 14 78 147 10 65 84 147 74 182 29 69 48 206 43 111 95 139 45 196 74 190 26 184 78 40 23 47 87 156 24 207 68 5 42 194 28 64 37 3
-2147483616 25 758 99 161 29 114 47 179 90 102 27 87 19 1 11 112 74 219 61 240 6 118 58 75 30 64 32 179 3 149 97 98 61 237 4 222 41 124 60 76 90 217 65 22 87 188 54 151 63 34 56 171
-2147483615 25 858 61 34 99 227 39 75 62 105 89 147 81 124 54 209 39 234 34 246 24 58 85 221 32 178 64 213 32 64 99 218 94 149 1 230 50 99 22 29 81 26 71 154 60 59 45 245 17 195 96 101
-2147483614 25 604 1 202 29 82 52 230 18 207 18 42 70 28 76 175 3 64 10 60 38 226 35 18 52 236 31 241 92 119 75 220 88 188 69 41 8 50 9 65 3 64 43 181 37 45 43 98 44 128 63 202
-2147483613 25 797 42 243 88 232 92 46 89 208 66 157 71 133 38 99 70 114 60 194 72 155 3 33 34 98 32 190 78 187 28 102 55 171 38 107 61 73 61 124 12 66 13 208 80 125 23 122 96 203 27 166
-2147483612 25 934 43 73 80 193 69 27 53 115 85 200 87 100 49 61 83 22 54 108 59 163 70 176 48 122 20 175 98 38 52 60 82 236 53 152 71 52 72 59 67 141 4 133 97 129 78 197 61 76 22 46
-2147483611 25 794 96 228 89 109 40 21 14 93 24 161 61 11 59 34 66 74 35 91 53 3 93 141 54 222 8 78 68 169 62 222 86 143 80 185 1 48 82 34 57 13 78 43 10 91 31 186 66 162 11 46
-2147483610 25 879 66 8 75 49 92 205 51 147 50 30 48 88 69 68 9 173 46 227 83 6 96 151 20 12 97 125 79 154 15 224 80 200 93 135 100 211 36 125 43 213 62 226 20 76 17 71 100 157 19 204
-2147483609 25 677 65 36 42 211 19 94 34 244 100 121 87 197 28 198 33 68 64 171 77 15 54 96 96 182 69 33 2 169 76 50 49 102 34 225 25 132 28 146 50 67 7 92 6 86 16 95 62 198 6 95
-2147483608 25 712 86 148 77 203 32 112 94 82 12 174 53 152 11 216 51 87 39 195 93 222 5 249 26 24 34 103 48 238 21 133 33 14 13 23 87 110 54 201 77 164 50 73 26 150 16 191 95 135 54 219
-2147483607 25 730 43 146 87 170 68 51 10 37 15 74 68 120 35 200 57 52 24 26 1 1 76 127 29 3 11 110 77 11 98 77 92 102 89 196 9 142 99 44 72 33 47 98 61 203 20 44 2 107 28 7
-2147483606 25 654 43 8 54 180 4 158 16 202 68 34 12 148 54 2 37 156 57 88 80 71 49 67 68 23 8 216 27 24 29 135 13 180 57 164 44 152 29 148 42 241 73 133 55 66 54 230 89 26 28 172
-2147483605 25 1012 39 189 96 14 85 7 92 27 13 52 65 62 93 53 91 89 82 47 95 58 15 167 76 175 94 73 62 205 40 222 51 194 65 114 83 121 49 187 59 151 96 58 85 219 45 188 23 65 94 43
-2147483604 25 708 49 21 84 61 79 192 54 100 59 232 29 22 71 232 55 133 41 6 28 249 63 58 23 119 11 167 23 83 93 41 50 103 25 85 66 7 11 47 43 173 12 177 78 204 64 80 35 10 34 156
-2147483603 25 671 4 241 86 65 44 239 93 166 29 213 83 196 27 17 12 229 9 56 11 128 92 54 22 172 3 212 1 93 89 86 100 230 31 212 18 186 80 26 41 20 96 56 86 54 29 245 13 95 20 57
-2147483602 25 788 89 28 45 26 80 117 95 201 84 209 15 208 76 112 68 232 19 119 3 147 56 245 81 103 20 24 39 80 48 147 55 90 70 247 47 124 46 104 30 73 25 109 13 250 89 200 93 17 28 239
-2147483601 25 735 66 206 94 116 24 31 56 156 45 8 22 247 39 228 98 213 41 106 27 175 72 128 14 210 51 4 64 108 9 227 39 184 74 80 20 242 45 188 59 221 78 201 87 42 72 211 2 29 27 70
-2147483600 25 847 82 245 79 237 82 74 97 113 73 11 36 28 78 22 43 243 6 218 73 161 76 126 45 156 67 39 47 171 27 182 97 20 71 187 3 129 5 247 97 192 3 80 88 201 41 76 78 115 18 124
