2147483647 25 4327 336 11 423 62 589 210 53 223 3 250 297 94 262 49 302 143 240 236 259 107 425 84 492 238 332 84 130 196 433 54 391 70 156 89 316 61 116 154 78 50 368 156 342 13 490 18 371 54 8 13
-2147483648 25 4884 385 181 229 116 403 234 478 222 430 129 62 92 478 91 432 81 361 229 561 183 65 137 213 170 357 43 450 53 232 191 157 7 290 161 293 39 345 71 24 73 479 36 394 149 302 94 548 26 173 212
-2147483647 25 4014 500 99 236 47 45 247 214 206 119 186 352 115 462 17 60 65 133 169 324 66 578 85 242 155 559 226 597 211 5 71 415 211 407 21 17 188 42 97 345 67 76 40 435 224 137 206 92 113 298 174
-2147483646 25 3958 426 115 18 28 47 241 9 18 483 6 212 124 518 8 346 223 469 162 165 89 548 101 309 160 178 186 276 113 115 239 85 225 249 43 6 124 79 6 338 234 28 229 257 227 568 2 479 182 390 18
-2147483645 25 3066 50 141 283 150 120 192 204 165 130 133 369 90 258 8 317 110 313 165 278 22 356 127 1 6 250 237 16 54 405 169 171 189 143 189 212 110 314 174 58 185 134 178 59 163 444 157 54 66 171 138
-2147483644 25 4750 208 220 35 87 539 119 177 231 412 242 359 243 434 209 436 20 163 63 461 92 594 248 46 22 385 204 427 183 46 249 169 106 523 85 462 193 488 16 415 125 19 73 281 189 74 49 499 99 265 150
-2147483643 25 4698 456 108 354 209 310 58 391 57 576 182 133 60 90 24 348 230 518 98 591 139 533 4 505 89 462 241 329 151 215 248 120 30 252 197 572 234 11 151 98 245 198 96 130 120 287 199 240 85 111 96
-2147483642 25 4895 535 19 239 184 258 42 418 245 461 14 581 242 103 97 453 31 194 193 435 122 449 14 521 241 320 87 455 234 411 236 189 144 10 179 185 112 528 2 253 162 35 97 368 58 465 92 211 25 82 20
-2147483641 25 4446 349 221 79 113 508 166 477 151 358 120 328 228 32 141 374 91 3 126 220 107 89 106 489 190 392 147 76 2 411 66 49 67 87 53 428 248 525 127 356 118 591 35 228 10 419 1 240 176 303 192
-2147483640 25 5206 78 163 113 236 247 211 318 135 507 54 479 232 287 236 82 48 558 3 419 131 288 171 396 215 432 90 517 30 36 92 530 48 10 18 79 107 547 165 579 189 524 191 409 88 422 204 325 159 495 60
-2147483639 25 4320 93 76 552 204 98 160 102 6 454 58 233 160 251 101 426 138 499 156 126 199 226 21 335 15 260 65 524 244 536 175 126 12 1 33 516 41 460 8 111 131 156 143 98 170 585 218 136 202 296 109
-2147483638 25 4881 360 217 310 40 555 238 250 199 553 78 296 33 213 124 155 54 394 7 147 210 329 126 247 178 109 97 349 102 114 19 506 198 565 90 568 217 185 91 397 57 403 39 215 7 388 154 144 76 384 121
-2147483637 25 5236 85 47 593 139 539 42 563 120 345 32 332 105 551 124 466 216 215 21 136 5 186 224 103 167 553 205 170 41 72 231 387 66 66 158 488 2 480 188 292 94 527 10 475 199 318 142 396 222 389 222
-2147483636 25 5668 543 240 468 19 375 176 535 227 518 3 497 127 163 234 83 21 566 235 501 107 187 178 279 26 305 249 400 42 529 79 31 197 163 208 516 224 319 188 480 99 457 157 540 8 338 10 69 127 585 238
-2147483635 25 3739 559 72 397 99 232 42 234 13 201 68 220 97 33 160 129 229 319 187 400 83 84 107 575 10 275 130 46 144 15 13 313 239 201 46 211 180 210 186 463 171 7 35 40 17 464 71 588 77 17 162
-2147483634 25 3799 382 42 44 149 123 133 68 71 62 35 199 156 56 166 483 111 230 39 111 39 502 49 174 226 157 16 111 61 220 53 532 1 226 240 358 146 293 178 518 148 507 49 129 235 514 5 229 60 104 142
-2147483633 25 3616 236 3 457 171 547 6 447 24 157 28 184 37 68 171 64 177 158 149 250 32 111 66 191 100 119 44 251 145 248 148 87 202 361 227 293 128 556 58 364 47 205 228 201 114 356 111 97 215 20 145
-2147483632 25 5277 589 55 503 75 370 9 285 9 369 222 375 190 416 57 399 45 442 148 247 86 467 188 153 29 123 213 332 92 423 147 566 172 482 196 592 105 490 115 271 108 208 19 115 10 181 214 131 10 267 157
-2147483631 25 5288 228 56 228 159 201 146 290 222 570 47 283 223 525 69 404 215 415 122 191 36 552 166 131 28 422 130 578 230 333 102 328 234 378 232 342 241 306 13 510 115 144 80 210 29 356 6 584 71 305 73
-2147483630 25 4510 256 107 573 161 322 165 96 125 346 179 544 31 388 134 29 54 299 140 161 87 9 127 400 91 372 65 230 149 326 223 531 242 191 210 366 214 298 193 212 18 290 65 117 33 476 61 207 73 479 153
-2147483629 25 3406 381 203 71 75 104 185 335 140 198 25 269 54 41 192 32 170 371 138 268 243 372 232 137 204 34 5 34 100 185 214 7 236 399 32 145 210 519 200 237 49 539 211 245 242 364 115 385 56 5 22
-2147483628 25 4099 116 157 9 105 265 18 264 125 282 187 211 120 413 4 364 233 512 118 437 62 399 157 53 19 354 174 320 58 550 136 190 28 101 83 317 153 239 242 64 217 428 115 208 101 283 239 198 81 255 14
-2147483627 25 3898 342 23 409 165 97 68 210 174 299 67 140 204 224 101 86 226 6 136 521 29 245 146 344 189 589 11 425 78 221 33 220 235 132 12 357 95 189 236 43 204 125 76 376 146 423 192 289 179 186 88
-2147483626 25 4723 499 180 558 101 283 228 268 45 132 204 185 147 450 132 378 86 544 236 172 245 454 124 169 96 45 247 90 139 420 115 543 133 105 209 560 162 446 95 494 241 114 33 328 235 395 44 169 141 72 142
-2147483625 25 4605 325 219 36 206 155 34 485 102 413 127 520 149 22 11 256 243 412 43 208 128 78 134 385 169 285 75 511 189 518 243 194 101 507 96 136 26 310 9 306 51 324 94 478 144 250 56 327 26 234 223
-2147483624 25 3620 368 130 256 64 117 225 332 11 394 104 8 245 491 215 216 11 576 219 46 118 47 154 507 219 115 66 57 184 218 121 375 244 2 13 137 49 570 195 144 152 117 64 350 3 66 236 34 18 491 33
-2147483623 25 4606 323 224 448 96 462 235 386 217 404 2 209 75 589 88 208 53 328 74 593 197 540 46 23 121 117 37 255 63 130 61 229 189 83 32 83 227 39 195 463 185 472 30 20 192 282 95 586 4 405 241
-2147483622 25 4924 480 144 87 210 34 85 591 120 352 50 433 242 573 215 57 23 459 40 523 134 537 165 392 232 254 31 183 100 82 245 217 234 331 127 464 152 506 190 52 108 574 202 238 228 399 123 1 108 389 218
-2147483621 25 5098 578 136 317 154 281 238 443 193 209 219 450 178 486 76 129 146 544 15 203 248 292 74 479 221 123 116 223 52 535 5 46 214 335 151 282 7 332 52 478 226 48 137 366 223 508 206 282 188 528 203
-2147483620 25 2962 446 92 62 136 148 77 2 155 308 224 380 147 448 48 114 54 130 186 253 3 386 126 334 63 234 101 45 215 92 239 400 224 191 193 262 142 46 110 109 148 199 204 106 20 3 92 175 56 65 178
-2147483619 25 3918 139 188 128 198 1 151 114 19 276 86 17 32 144 87 537 169 546 243 68 23 336 111 543 184 312 228 61 203 78 52 314 91 575 184 90 240 201 85 20 199 409 15 551 231 244 204 357 79 470 177
-2147483618 25 4538 244 86 90 78 46 168 132 45 288 87 231 1 425 86 442 215 180 18 118 83 518 220 235 196 479 200 357 98 68 95 59 130 431 63 497 199 551 12 582 100 237 89 239 26 417 34 576 249 122 39
-2147483617 25 4057 195 17 19 179 508 207 308 110 132 157 490 80 86 134 340 243 196 121 11 74 528 103 390 69 309 86 245 119 202 153 377 166 406 165 226 131 292 222 577 177 308 195 14 164 186 147 376 159 42 161
-2147483616 25 3703 559 237 33 146 135 143 555 158 26 66 146 168 553 230 197 75 263 204 111 100 311 174 106 135 211 122 76 244 73 49 372 14 86 169 380 92 146 140 599 72 491 60 573 185 94 71 21 149 56 55
-2147483615 25 4586 597 153 550 43 90 67 393 69 145 194 283 215 497 154 321 115 588 195 11 245 37 209 131 4 344 94 177 152 581 97 497 241 599 186 79 37 5 197 254 63 336 224 66 97 304 161 508 122 251 216
-2147483614 25 5180 278 120 419 170 296 68 32 197 527 6 106 177 590 44 269 29 192 114 540 186 422 115 381 203 508 36 273 173 376 218 333 23 211 64 462 211 314 206 379 101 506 202 64 207 587 139 564 75 5 210
-2147483613 25 4639 24 178 178 169 313 36 489 244 500 111 508 97 319 50 384 75 24 41 73 168 339 241 285 168 473 114 134 182 451 58 339 198 564 215 279 115 600 70 261 209 433 71 132 63 286 215 330 129 14 168
-2147483612 25 4222 111 147 380 165 154 105 67 120 88 216 424 178 391 162 342 29 63 143 237 135 241 29 492 156 220 74 288 229 486 126 351 249 52 54 392 86 382 191 492 196 375 132 296 69 102 16 234 69 378 197
-2147483611 25 4872 488 8 540 158 391 66 556 33 107 184 379 191 438 180 587 96 36 154 88 220 237 193 242 222 27 144 569 109 508 145 131 165 365 30 174 65 229 54 235 140 571 6 192 171 445 75 39 200 546 53
-2147483610 25 5201 407 76 588 21 114 6 393 35 274 125 429 169 95 81 475 112 350 43 398 244 438 154 597 13 178 184 209 90 321 65 342 53 337 137 176 188 342 237 533 7 268 151 421 151 555 123 31 127 398 179
-2147483609 25 4126 287 99 198 118 266 157 124 198 591 185 28 139 571 152 60 61 214 168 114 61 418 159 507 99 144 193 533 73 165 138 4 188 566 84 134 97 576 108 105 236 101 56 298 30 496 150 218 46 160 138
-2147483608 25 4413 256 241 113 68 214 107 24 61 430 79 476 181 38 184 34 72 73 5 428 74 576 221 310 115 600 86 32 91 315 80 549 238 168 26 133 160 316 65 528 61 343 169 579 159 245 6 552 133 23 159
-2147483607 25 5002 495 250 308 85 273 129 409 127 525 52 496 198 93 27 534 94 445 104 381 156 395 52 176 156 503 176 387 190 138 171 234 14 407 226 236 33 250 19 384 73 166 116 47 108 342 242 484 78 230 110
-2147483606 25 5295 559 10 386 56 398 121 555 77 143 39 593 157 125 167 319 150 479 237 404 110 142 238 540 79 228 118 169 47 467 166 374 177 422 67 559 92 448 214 403 246 7 165 367 55 195 36 491 31 53 123
-2147483605 25 4774 336 81 263 115 383 205 557 230 1 177 348 156 248 71 534 86 388 159 120 80 372 53 585 58 257 75 224 62 254 115 442 246 470 44 265 105 595 93 202 248 45 229 369 122 118 126 499 211 83 8
-2147483604 25 5103 95 190 144 33 592 167 260 90 549 214 491 163 502 150 494 70 12 204 388 89 483 180 163 105 124 117 554 10 185 15 40 116 490 77 358 201 585 7 97 222 530 245 322 180 347 90 598 150 103 161
-2147483603 25 4713 572 244 218 56 236 143 414 79 363 249 225 168 276 48 587 14 596 238 50 39 503 242 79 94 411 178 439 171 185 226 194 65 526 172 290 67 152 43 350 215 100 240 318 157 89 127 409 35 274 191
-2147483602 25 4151 176 74 438 107 401 104 81 100 56 111 181 104 421 45 61 46 267 89 212 7 127 130 590 185 87 33 147 207 162 176 354 141 598 80 592 166 439 31 38 207 338 91 144 66 325 86 267 247 417 200
-2147483601 25 4011 7 227 190 249 387 116 75 223 172 99 355 219 574 147 117 236 150 232 38 78 450 157 406 248 532 54 198 83 121 6 77 53 556 111 124 143 543 83 276 48 434 13 39 170 381 65 373 221 110 171
-2147483600 25 3971 118 233 185 218 552 49 52 63 316 72 163 164 299 50 58 176 461 250 20 57 113 189 166 64 261 228 307 14 477 174 444 248 375 12 516 137 145 237 476 192 139 16 252 183 157 129 259 7 308 116
