2147483647 25 3900 395 49 107 89 99 62 199 80 328 121 325 52 136 12 381 103 329 18 363 154 294 244 181 12 313 41 400 191 100 187 150 59 377 160 235 47 355 21 202 177 225 79 365 226 145 216 125 46 372 55
-2147483648 25 3324 319 166 76 62 284 243 165 177 293 165 181 26 357 99 298 120 232 158 224 21 134 31 160 61 9 190 43 84 378 9 221 185 280 185 394 102 284 99 47 111 22 142 218 237 385 72 169 135 367 246
-2147483647 25 3837 250 63 41 6 198 32 313 150 183 182 254 2 186 83 300 112 296 115 338 214 360 225 169 111 337 96 293 66 370 162 98 137 359 87 228 98 189 88 396 233 30 156 375 135 382 172 394 174 57 207
-2147483646 25 3463 220 11 290 243 194 141 142 54 331 69 345 18 329 190 168 98 59 223 296 34 328 203 303 189 140 178 176 83 162 146 64 238 249 221 369 27 178 69 128 68 221 45 138 94 375 191 305 21 262 126
-2147483645 25 3019 88 118 126 244 91 166 275 167 397 23 99 38 17 218 13 241 390 119 96 74 299 198 190 23 65 103 342 232 198 127 170 178 391 185 275 52 160 94 349 98 186 30 216 127 395 143 187 241 18 177
-2147483644 25 2526 102 198 198 182 353 165 55 184 233 158 97 2 137 55 298 7 169 36 161 74 213 216 164 18 148 100 256 209 143 172 217 153 191 9 135 90 278 118 37 69 40 84 112 111 221 6 188 244 65 218
-2147483643 25 3514 106 174 293 169 305 25 29 101 374 107 35 119 15 141 205 94 368 51 338 3 191 236 138 189 154 224 311 214 347 235 289 33 253 114 323 99 221 219 319 122 122 221 386 85 178 119 286 91 271 140
-2147483642 25 3217 151 39 201 180 365 222 246 172 295 121 251 115 246 65 365 105 261 116 119 112 380 150 132 229 376 194 155 163 55 16 83 128 88 177 93 32 237 212 327 83 132 111 315 236 280 175 145 88 64 165
-2147483641 25 3022 320 28 103 32 9 49 360 102 338 10 189 13 220 173 304 196 327 88 251 158 273 239 30 117 360 194 66 65 50 81 367 231 173 44 20 114 147 238 345 53 395 84 105 134 9 6 126 210 150 236
-2147483640 25 2952 188 14 359 136 209 199 126 172 22 110 4 243 145 111 58 103 358 128 145 189 288 87 36 246 353 28 1 49 379 94 55 104 172 9 382 238 332 68 254 221 284 161 342 18 33 250 192 244 203 211
-2147483639 25 2998 293 57 75 205 83 17 371 53 106 218 234 100 114 3 173 60 385 65 204 149 57 55 94 249 115 79 397 192 117 125 243 6 290 199 336 233 345 192 56 31 255 181 210 231 293 239 65 174 86 168
-2147483638 25 2978 115 89 355 131 141 43 335 86 375 33 337 136 60 142 134 248 198 49 302 159 128 98 142 211 126 22 319 119 312 3 59 17 146 8 235 179 82 106 23 35 221 225 273 176 185 4 276 240 85 112
-2147483637 25 2665 236 133 335 236 149 38 12 42 251 202 71 193 349 136 322 115 103 2 353 79 59 108 85 207 53 169 337 206 253 14 107 56 234 26 66 239 102 49 49 221 1 75 261 219 337 114 132 25 185 53
-2147483636 25 3028 165 152 257 156 174 194 119 69 239 232 132 216 60 228 387 79 347 56 203 247 41 127 115 189 152 32 84 177 90 168 368 159 111 140 103 177 134 139 394 233 193 78 318 158 90 190 378 23 393 113
-2147483635 25 3525 31 21 382 91 335 84 197 12 17 179 286 240 140 248 208 152 279 213 64 171 313 161 397 144 109 54 134 54 122 79 266 96 160 155 298 59 381 59 113 248 380 249 380 75 395 118 361 171 128 16
-2147483634 25 2768 146 26 282 89 271 244 228 3 76 219 130 213 102 181 188 250 384 105 93 60 165 45 95 90 190 56 332 95 362 37 176 67 100 36 250 232 46 48 374 76 26 65 62 80 393 156 126 235 17 136
-2147483633 25 3125 72 114 289 104 325 49 255 160 229 136 315 3 324 10 61 108 385 67 250 224 228 172 62 181 2 34 138 80 30 97 344 64 336 145 267 163 310 76 117 87 338 20 143 164 46 127 34 19 309 177
-2147483632 25 3116 388 85 158 31 25 100 103 102 286 83 317 144 233 158 61 63 113 232 222 143 109 100 260 157 21 191 54 34 335 227 337 202 98 59 372 76 253 47 284 87 207 125 368 25 52 18 139 103 399 226
-2147483631 25 3228 393 67 120 158 359 88 158 8 194 58 374 82 15 44 225 242 192 49 61 47 216 167 275 115 306 204 211 29 91 131 6 52 316 78 336 172 265 58 286 37 185 162 189 125 330 8 186 76 91 155
-2147483630 25 2930 196 192 114 44 89 13 395 187 65 54 108 44 169 15 195 65 297 37 196 114 117 238 42 191 180 232 318 229 92 5 212 179 313 204 356 1 345 219 300 6 36 5 79 128 31 171 307 205 332 64
-2147483629 25 3026 110 30 82 95 353 163 121 169 226 133 277 24 99 119 362 34 192 192 4 57 316 25 99 247 243 81 268 94 56 124 251 103 246 208 315 124 193 23 68 12 249 215 56 217 134 11 400 203 324 3
-2147483628 25 2598 16 150 43 72 234 178 243 63 34 186 299 178 62 91 217 236 343 6 13 7 28 163 354 52 207 55 100 130 12 15 210 18 263 158 142 60 137 240 197 107 281 60 55 215 240 170 320 114 280 208
-2147483627 25 3637 192 192 193 91 390 250 233 56 206 153 112 10 273 234 268 9 70 3 398 167 175 175 362 143 222 126 100 88 384 237 73 110 286 166 322 172 265 97 363 44 399 47 86 170 49 221 285 74 357 177
-2147483626 25 2796 385 82 162 217 360 239 148 37 123 83 38 123 308 202 61 143 197 203 383 100 394 239 235 50 253 177 32 86 2 243 20 242 120 114 332 50 164 50 138 179 212 110 82 75 97 89 348 184 67 207
-2147483625 25 2968 54 38 312 180 140 103 171 107 302 108 160 201 158 175 103 57 358 167 170 60 153 239 270 147 101 229 376 30 261 27 379 196 102 182 202 151 54 233 12 223 145 107 277 189 50 237 392 5 245 101
-2147483624 25 2922 102 249 142 232 231 152 338 130 290 124 249 168 112 219 158 196 191 133 285 127 168 19 374 28 332 15 23 202 30 168 84 82 265 141 103 60 68 25 303 224 238 95 226 218 102 240 261 183 196 92
-2147483623 25 3011 95 227 175 43 7 67 91 19 29 75 298 71 251 102 338 221 259 4 393 101 363 144 312 118 178 9 172 25 305 230 185 250 330 225 67 210 66 98 366 59 276 165 207 80 26 91 80 178 150 45
-2147483622 25 2777 45 71 302 223 301 50 370 45 118 172 39 189 273 231 262 213 305 205 96 169 22 233 133 143 99 99 372 112 42 76 250 54 234 95 43 84 230 8 206 218 286 153 251 99 213 70 98 73 39 121
-2147483621 25 3201 387 38 166 75 288 165 277 162 42 200 381 182 5 134 42 30 348 170 59 96 220 215 399 44 102 132 182 125 328 138 393 196 280 99 33 105 23 194 27 40 228 5 355 146 221 248 280 106 269 212
-2147483620 25 3225 322 55 282 200 158 240 131 212 183 36 159 110 371 24 335 2 206 223 312 145 21 88 239 235 372 37 372 157 227 150 189 93 328 44 68 54 54 124 24 148 256 114 13 142 221 217 230 17 303 89
-2147483619 25 2998 258 202 281 61 298 158 155 169 104 239 110 183 130 23 362 124 122 10 396 91 253 158 328 166 78 93 211 192 175 71 49 21 37 206 129 209 181 177 204 178 265 196 176 246 350 86 191 45 154 117
-2147483618 25 3096 217 4 38 90 270 73 292 51 23 42 195 45 99 145 399 142 165 113 110 231 64 234 281 150 368 144 377 99 301 81 345 73 135 240 261 4 99 96 86 76 219 176 192 199 111 119 144 173 370 159
-2147483617 25 3154 245 21 228 78 273 122 355 156 353 160 379 187 372 71 281 145 118 237 384 128 100 126 84 182 119 122 81 164 71 32 116 197 84 215 40 223 138 247 205 57 249 114 388 138 296 168 52 9 247 22
-2147483616 25 2990 218 217 236 189 237 222 96 198 217 104 367 208 82 32 276 76 6 8 115 132 103 227 393 57 183 180 360 147 301 129 269 74 152 66 19 243 59 72 305 172 281 170 208 227 322 52 83 205 96 124
-2147483615 25 2575 138 124 161 81 289 215 18 155 178 199 54 29 36 129 150 35 194 131 170 62 84 32 371 182 13 183 374 60 220 43 293 224 267 34 87 97 397 65 3 109 22 36 220 36 262 231 113 35 178 176
-2147483614 25 3361 154 164 332 78 153 216 17 79 40 148 195 208 193 38 386 175 216 239 383 137 156 3 275 234 62 86 344 109 193 76 55 217 383 242 71 85 331 54 261 232 322 34 303 72 115 180 394 207 269 235
-2147483613 25 2907 150 15 380 16 399 26 162 214 214 221 63 168 300 29 256 232 180 117 57 25 157 237 95 37 93 131 347 54 140 135 61 181 239 26 314 149 81 47 179 184 28 152 163 205 287 12 297 42 204 221
-2147483612 25 2787 107 225 332 126 19 15 10 228 109 94 180 107 39 12 210 220 256 182 27 22 185 34 277 218 381 102 366 174 230 106 231 210 130 102 137 93 186 92 113 184 295 183 64 209 311 172 286 104 165 195
-2147483611 25 3597 201 219 365 48 297 217 240 164 224 44 32 35 6 101 217 89 309 2 287 13 297 114 313 226 116 139 235 1 388 250 312 118 348 173 265 153 223 65 107 29 173 87 101 112 299 199 320 129 320 129
-2147483610 25 2766 227 135 389 87 176 65 361 7 104 219 9 10 137 223 292 1 201 72 106 192 160 174 45 163 57 214 178 235 149 61 182 235 313 107 114 56 273 47 99 236 24 67 392 101 63 177 162 165 397 167
-2147483609 25 2782 170 98 146 134 17 126 157 122 177 191 292 224 280 128 128 246 293 1 68 245 378 57 98 231 252 101 252 9 24 155 281 121 4 16 7 13 227 102 215 2 68 66 362 218 310 56 341 127 90 6
-2147483608 25 2481 193 42 100 181 35 220 50 179 365 46 134 154 266 86 271 171 157 61 36 232 100 65 77 38 51 242 150 245 188 150 1 238 306 63 270 213 52 200 227 10 392 225 261 161 96 82 129 158 228 103
-2147483607 25 2929 224 205 268 188 388 199 286 86 310 46 377 194 53 176 10 202 222 38 242 30 77 146 7 211 90 65 69 137 356 186 383 112 224 156 80 132 167 228 349 48 38 203 386 57 206 247 14 18 56 159
-2147483606 25 2825 75 83 87 52 70 111 185 87 395 88 34 236 320 161 226 250 68 246 364 10 69 1 341 34 93 92 49 66 173 65 360 155 236 30 330 191 223 72 43 136 255 48 194 110 333 12 174 1 12 86
-2147483605 25 2499 17 50 139 224 134 145 103 114 337 173 286 185 124 76 343 34 26 104 168 43 383 15 144 111 198 48 196 232 78 130 107 59 287 154 51 13 76 96 202 8 29 55 308 96 208 157 206 146 16 234
-2147483604 25 3292 301 250 396 28 176 121 121 232 164 124 177 169 291 40 116 214 83 120 95 178 203 78 371 69 277 112 361 51 11 236 55 194 376 32 354 94 243 47 121 4 272 186 276 102 361 245 104 28 182 125
-2147483603 25 2594 328 241 323 187 95 125 76 35 281 54 32 210 397 5 385 219 158 143 25 174 234 185 176 69 58 86 101 101 180 177 361 67 267 177 5 226 82 51 17 227 167 30 297 103 55 176 114 133 110 87
-2147483602 25 3008 90 215 34 166 53 57 1 96 253 113 36 133 288 189 96 183 264 111 374 175 139 88 328 22 304 240 317 11 195 16 155 178 369 118 149 13 280 94 174 83 331 131 345 136 112 26 110 235 217 52
-2147483601 25 3082 255 223 223 114 391 79 165 192 143 225 333 186 244 189 86 246 322 228 142 60 97 46 305 26 290 11 82 250 392 187 83 154 254 191 29 153 31 121 152 109 153 53 71 248 385 98 388 192 121 81
-2147483600 25 2758 3 136 202 193 258 58 324 212 91 197 237 109 161 57 79 118 335 69 382 54 282 84 170 221 130 97 108 73 62 143 247 40 45 30 371 189 140 184 241 144 209 48 4 231 167 52 158 64 191 87
