2147483647 25 403 16 88 44 33 1 88 21 225 46 209 38 12 41 168 42 80 32 140 1 53 24 64 45 127 27 232 14 233 22 238 35 185 16 138 44 78 45 72 11 204 6 243 43 232 32 172 13 67 13 63
-2147483648 25 366 24 180 26 92 12 8 15 124 49 182 23 162 24 187 10 83 3 24 31 67 46 184 12 192 33 218 23 226 7 175 8 153 21 165 49 160 35 66 7 163 50 145 15 114 17 123 40 95 30 100
-2147483647 25 387 33 124 7 220 14 199 38 180 35 222 21 213 25 209 26 118 24 50 37 153 43 181 10 37 9 128 32 240 45 57 18 134 36 123 21 246 15 42 36 246 3 30 42 137 48 85 1 108 27 188
-2147483646 25 395 2 97 24 57 27 162 37 43 31 156 20 241 8 29 23 143 5 186 37 200 37 197 46 139 17 218 45 88 16 108 5 86 41 143 29 88 11 75 26 207 47 229 40 20 2 61 33 31 50 96
-2147483645 25 388 47 177 9 210 13 126 36 39 43 3 30 237 18 101 26 230 38 185 11 68 29 36 10 88 11 52 30 217 17 144 13 63 15 105 5 136 46 200 35 192 41 70 36 41 35 59 4 108 49 75
-2147483644 25 424 35 134 22 220 45 165 5 121 27 104 3 194 34 85 10 188 44 29 28 144 44 89 43 149 26 134 42 149 49 201 45 166 17 83 28 57 50 157 36 128 2 191 15 176 5 121 23 245 30 250
-2147483643 25 429 28 119 18 101 4 217 47 225 24 225 35 89 29 9 35 26 14 168 37 242 10 193 37 117 24 207 48 231 41 136 46 89 1 68 38 21 7 174 49 150 30 169 48 39 36 159 13 243 16 247
-2147483642 25 319 47 121 38 166 48 56 25 225 8 74 22 17 33 113 17 102 27 119 6 128 4 174 10 6 43 225 33 27 44 240 5 202 22 212 24 97 4 240 15 54 13 181 14 226 9 154 16 178 5 102
-2147483641 25 322 11 40 6 102 10 238 16 210 3 43 40 37 49 58 50 112 31 15 21 227 14 164 32 139 28 201 9 216 26 65 14 183 21 93 7 150 16 110 22 94 31 58 26 146 23 128 2 20 29 108
-2147483640 25 403 50 211 5 154 20 160 21 141 25 232 41 192 33 59 7 199 42 114 12 68 42 209 25 87 21 240 43 111 2 106 44 5 14 239 32 166 30 13 12 23 49 11 43 159 14 249 22 29 23 164
-2147483639 25 403 20 69 25 220 31 227 42 118 18 218 45 55 45 41 9 131 42 191 29 12 43 137 5 178 10 92 36 152 25 38 13 216 22 187 38 11 33 145 26 250 23 102 11 86 29 97 44 97 8 110
-2147483638 25 430 22 2 50 131 36 42 45 106 39 92 29 8 12 249 39 243 2 107 28 138 22 250 48 161 17 131 2 51 46 45 32 86 10 156 44 226 40 188 17 140 6 225 30 88 45 92 17 233 40 218
-2147483637 25 357 24 55 44 109 43 53 48 222 21 218 4 13 11 64 34 20 8 116 42 121 2 238 19 153 15 69 49 156 11 192 25 171 50 91 6 211 29 20 37 246 48 200 2 41 3 177 12 52 9 18
-2147483636 25 365 35 48 1 17 40 80 17 194 47 136 27 108 12 131 40 86 19 91 21 24 18 92 45 95 27 236 5 192 8 64 42 209 23 214 46 62 9 60 1 29 40 140 28 2 4 85 18 112 36 193
-2147483635 25 318 27 12 7 109 22 166 19 127 22 131 39 67 18 52 7 65 23 74 25 118 21 70 2 238 15 27 15 159 28 247 21 23 2 135 27 114 11 224 49 159 21 181 45 194 47 5 2 96 16 132
-2147483634 25 402 43 180 41 219 34 23 49 240 37 133 48 32 31 245 34 35 22 217 2 99 25 113 6 100 12 12 21 64 22 183 40 70 23 147 8 30 34 34 4 100 34 5 27 70 50 48 21 107 3 113
-2147483633 25 480 41 139 46 234 48 32 50 93 19 103 6 41 35 138 38 211 34 106 49 186 41 160 39 86 46 190 27 85 10 147 40 250 8 172 47 24 41 229 24 48 17 142 18 4 6 25 43 197 27 209
-2147483632 25 315 27 86 24 74 35 98 3 54 37 58 40 129 12 236 11 42 2 4 5 125 11 102 4 140 21 46 33 69 49 45 6 125 26 146 40 51 49 211 21 175 4 54 11 76 8 103 24 48 22 137
-2147483631 25 358 35 158 48 189 10 94 47 211 33 227 2 190 21 135 17 50 38 78 3 39 1 29 19 55 21 131 32 221 36 14 22 101 35 97 8 217 38 24 36 103 1 184 9 103 14 127 31 4 41 163
-2147483630 25 292 9 206 39 135 2 45 4 167 3 194 36 123 9 101 44 84 14 159 22 245 3 108 36 53 42 247 36 112 50 133 5 42 18 215 36 98 2 191 3 24 27 195 30 179 9 115 3 112 5 120
-2147483629 25 359 22 33 46 35 17 187 7 14 10 30 30 72 15 235 8 247 17 45 38 97 14 72 9 213 1 85 16 13 40 100 27 53 27 109 18 218 10 117 47 94 30 127 34 218 23 202 43 193 50 153
-2147483628 25 424 8 63 45 80 6 225 33 103 48 111 41 120 33 85 46 250 11 24 24 33 24 14 32 32 47 21 47 197 43 228 20 3 9 73 17 66 10 247 34 35 22 121 31 21 41 132 5 6 31 138
-2147483627 25 336 8 22 31 198 11 133 44 36 16 181 3 177 37 54 50 15 24 47 3 38 17 119 32 236 28 113 24 160 24 22 10 157 9 198 21 96 16 71 27 159 1 144 18 184 40 85 40 66 27 209
-2147483626 25 365 21 213 16 12 40 216 25 65 26 243 18 173 30 130 24 3 45 200 15 105 22 75 50 193 2 195 6 206 2 159 33 113 25 241 25 70 42 249 27 83 49 222 1 141 21 124 29 75 15 217
-2147483625 25 348 36 182 9 177 25 49 25 152 1 131 13 169 49 182 32 118 1 116 24 137 40 108 22 202 50 208 16 141 7 150 22 212 17 149 28 205 40 10 22 202 28 167 24 134 20 29 1 100 29 118
-2147483624 25 348 48 93 45 94 9 222 11 121 23 85 4 220 10 100 24 185 11 66 39 160 4 84 16 137 44 175 34 218 5 61 17 10 31 59 21 197 7 156 14 143 48 87 23 36 38 231 44 241 10 163
-2147483623 25 400 31 63 50 227 40 213 31 116 36 174 36 15 37 79 15 38 5 104 39 92 50 183 36 110 44 114 18 188 21 135 20 4 40 96 46 147 12 130 3 238 11 188 1 238 4 75 6 41 36 218
-2147483622 25 351 27 176 31 60 7 119 35 124 12 27 2 155 7 206 1 10 21 59 28 115 10 193 11 48 37 68 25 206 22 52 35 240 46 74 10 11 39 223 27 247 50 143 31 30 20 153 8 201 43 178
-2147483621 25 403 13 7 25 117 11 51 37 178 2 43 46 180 7 205 1 82 43 195 11 100 39 54 49 94 17 90 50 122 8 207 10 105 43 170 45 18 45 156 39 227 40 173 32 230 26 160 13 93 21 116
-2147483620 25 327 39 46 34 183 28 2 5 134 25 63 18 173 34 53 19 138 14 63 9 15 8 241 38 197 45 65 22 33 32 210 30 98 1 67 6 143 14 52 6 192 23 117 23 31 34 207 34 239 4 212
-2147483619 25 368 1 60 41 191 2 174 1 112 42 161 15 104 2 76 35 37 44 240 18 245 37 203 23 45 47 30 1 152 4 21 23 22 16 67 43 85 48 216 40 196 26 17 10 133 19 219 34 60 42 9
-2147483618 25 419 11 139 43 166 37 194 39 185 19 214 41 209 47 35 5 196 24 14 33 66 42 37 17 8 34 174 46 89 47 184 20 39 15 57 41 6 1 150 39 96 23 146 11 97 36 78 9 50 19 203
-2147483617 25 466 23 51 48 197 12 158 25 34 50 105 44 93 29 40 30 98 10 150 50 236 49 109 27 49 42 62 26 248 23 218 41 226 4 190 35 76 20 43 22 94 30 77 38 41 24 86 28 163 47 135
-2147483616 25 390 30 230 49 30 6 199 19 154 40 201 25 146 36 139 17 98 43 182 29 74 6 38 31 212 16 17 10 217 36 32 21 77 3 95 22 39 9 197 39 238 30 64 27 73 41 219 34 166 31 61
-2147483615 25 375 48 176 20 139 28 177 32 184 29 85 44 246 33 227 18 18 4 133 43 208 25 111 5 4 37 222 45 103 28 122 33 127 10 11 4 185 38 171 24 81 2 83 16 168 12 166 37 75 10 149
-2147483614 25 397 7 168 2 52 35 191 5 144 9 162 3 206 8 62 44 53 50 153 45 114 47 230 40 60 30 6 46 81 16 23 46 111 39 238 33 113 36 187 2 221 20 21 36 136 17 142 38 78 9 163
-2147483613 25 349 39 28 29 138 18 38 29 62 24 223 17 98 17 26 17 246 28 13 37 143 47 30 33 160 34 245 11 104 15 94 4 14 25 158 31 208 39 45 4 64 4 104 33 101 26 247 20 16 2 28
-2147483612 25 374 32 243 12 71 31 223 14 202 16 138 10 93 31 167 50 54 25 194 20 143 2 115 50 169 43 124 34 61 28 175 18 47 34 147 24 68 24 183 4 196 15 65 8 222 47 37 5 105 47 123
-2147483611 25 439 50 239 48 242 32 203 24 73 3 4 50 102 11 164 50 168 47 118 21 1 13 171 14 101 29 47 28 167 31 119 8 149 22 27 29 14 46 6 18 242 2 83 19 60 50 91 46 227 42 79
-2147483610 25 423 46 21 50 43 25 142 18 9 12 241 26 98 28 233 25 30 50 102 7 83 19 44 33 186 21 161 6 82 28 234 33 115 1 160 32 126 11 248 27 110 48 10 42 128 49 81 32 239 37 191
-2147483609 25 435 15 25 47 236 43 89 30 237 35 34 45 81 30 225 48 56 20 41 11 234 31 42 49 107 34 236 38 76 45 119 4 46 29 1 7 104 18 178 19 10 43 61 19 110 8 81 33 136 25 218
-2147483608 25 356 24 21 2 112 26 178 20 65 1 73 37 19 24 76 4 150 36 109 16 21 24 39 17 209 30 117 8 63 1 160 7 121 37 41 47 59 44 80 25 221 31 55 48 21 27 9 34 61 24 248
-2147483607 25 278 17 237 8 162 39 184 6 234 50 29 29 28 30 74 14 131 27 36 43 5 2 113 12 245 27 190 1 53 1 122 10 81 22 86 49 53 4 20 8 16 10 179 9 198 1 110 16 135 29 39
-2147483606 25 440 28 151 31 199 30 34 28 150 18 139 5 136 44 128 45 211 37 241 46 216 2 29 29 48 46 147 32 54 7 53 19 171 41 243 24 99 6 7 50 113 29 19 50 114 30 220 15 77 42 55
-2147483605 25 361 9 216 17 186 3 58 17 171 23 114 45 202 7 176 39 153 5 221 32 22 17 54 8 83 34 186 11 242 3 13 10 54 46 128 48 241 38 72 33 46 38 134 50 220 12 193 25 84 33 30
-2147483604 25 396 22 247 17 146 16 250 17 132 49 94 29 37 30 122 33 137 23 101 42 22 30 144 32 144 23 215 18 234 10 249 3 153 50 97 10 75 20 129 42 88 45 101 25 119 45 40 1 83 28 213
-2147483603 25 402 21 36 22 10 36 218 45 15 41 22 3 215 35 10 13 223 17 157 21 41 49 73 29 119 39 112 32 196 39 48 32 49 17 14 12 12 47 32 6 183 11 41 30 228 10 208 40 134 23 51
-2147483602 25 355 35 110 25 64 46 65 35 137 3 119 37 169 34 18 37 225 6 164 2 56 20 60 20 244 8 146 41 238 6 67 8 202 36 163 4 154 46 191 9 238 12 225 32 227 49 89 41 22 1 208
-2147483601 25 358 16 99 4 174 19 56 14 44 9 98 22 82 10 36 49 66 38 221 2 230 42 65 41 115 9 198 41 242 44 205 40 47 11 216 45 146 5 40 38 64 28 49 30 187 17 140 1 23 22 7
-2147483600 25 317 1 69 15 208 37 113 31 136 21 124 18 53 35 143 4 141 8 39 36 227 21 67 5 248 1 109 28 5 27 247 3 134 13 83 19 248 40 247 27 49 25 223 21 41 24 119 37 154 32 111
